{"FC": [0.08963865560684323, 0.018476082257484157, 0.00026034306177917093, 0.09632999296601912, 0.09317747932733914, 0.15602366863021655, 0.09341467234832333, 0.1657066460014602, 0.008664046252382967, 0.03679264156323942, 0.04784014846759884, 0.024589739015761176, 0.057044072326739234, 0.008962332304775661], "FF": [[0, 0.04480762409108902, 0.00641350480570301, 0.07610114372428808, 0.06377098228079149, 0.3063496580596928, 0.06449955373484942, 0.23964440987227192, 0.002890516889292371, 0.009173297777098731, 0.009823147904775597, 0.008604701958288137, 0.1109399403382082, 0.017399715559724225], [0.04480762409108902, 0, 0.004936482968957546, 0.0451012450524477, 0.04047249873350295, 0.02677078083096696, 0.17262603101465954, 0.029642794419132614, 0.00996761117525956, 0.01650240217444083, 0.006783289845519037, 0.0037338217872313305, 0.040329363393539215, 0.012971486101220574], [0.00641350480570301, 0.004936482968957546, 0, 0.006067775944245233, 0.003898366924754941, 0.003233018862365069, 0.00557203772780041, 0.0025936965769403986, 0.012736134010741662, 0.0007639778348535717, 0.0002659715306207905, 0.0008008442177723159, 0.0030236775653024314, 0.020851234035622692], [0.07610114372428808, 0.0451012450524477, 0.006067775944245233, 0, 2.12898361076413, 0.03204990994776222, 0.33805460276513394, 0.05102959830185368, 0.016310835938687474, 0.005878771462074277, 0.021052001730185364, 0.010878993124355618, 0.05035386813117603, 0.08419500337515037], [0.06377098228079149, 0.04047249873350295, 0.003898366924754941, 2.12898361076413, 0, 0.02397014138881556, 0.30375702241883035, 0.043054624105647685, 0.014551832264375985, 0.0029499386060765974, 0.019979658865399593, 0.00953655286580876, 0.041576020775675175, 0.06887189329859408], [0.3063496580596928, 0.02677078083096696, 0.003233018862365069, 0.03204990994776222, 0.02397014138881556, 0, 0.07639029312962053, 1.044616984074676, 0.017471192878727438, 0.16368594308316228, 0.004507146347282734, 0.015300191761368336, 0.06334000505571477, 0.018829000102978156], [0.06449955373484942, 0.17262603101465954, 0.00557203772780041, 0.33805460276513394, 0.30375702241883035, 0.07639029312962053, 0, 0.12152310717080825, 0.020446069883084898, 0.14862659297372854, 0.016852359729339503, 0.010034059893192447, 0.1118276448674884, 0.04826588872673928], [0.23964440987227192, 0.029642794419132614, 0.0025936965769403986, 0.05102959830185368, 0.043054624105647685, 1.044616984074676, 0.12152310717080825, 0, 0.024154292895163878, 0.3918033734380573, 0.006599934640780631, 0.016382957894528514, 0.09830119196350201, 0.02036582678780293], [0.002890516889292371, 0.00996761117525956, 0.012736134010741662, 0.016310835938687474, 0.014551832264375985, 0.017471192878727438, 0.020446069883084898, 0.024154292895163878, 0, 0.010101310354412738, 0.0006131147779960823, 0.0011533015730533047, 0.013139636548059332, 0.14080916266174004], [0.009173297777098731, 0.01650240217444083, 0.0007639778348535717, 0.005878771462074277, 0.0029499386060765974, 0.16368594308316228, 0.14862659297372854, 0.3918033734380573, 0.010101310354412738, 0, 0.0020142845114446244, 0.004248475803351474, 0.043001787148455074, 0.0039044222610849673], [0.009823147904775597, 0.006783289845519037, 0.0002659715306207905, 0.021052001730185364, 0.019979658865399593, 0.004507146347282734, 0.016852359729339503, 0.006599934640780631, 0.0006131147779960823, 0.0020142845114446244, 0, 0.0017762792702685323, 0.0074580626649566615, 0.0030426928143411918], [0.008604701958288137, 0.0037338217872313305, 0.0008008442177723159, 0.010878993124355618, 0.00953655286580876, 0.015300191761368336, 0.010034059893192447, 0.016382957894528514, 0.0011533015730533047, 0.004248475803351474, 0.0017762792702685323, 0, 0.005905917949407006, 0.005181071854464019], [0.1109399403382082, 0.040329363393539215, 0.0030236775653024314, 0.05035386813117603, 0.041576020775675175, 0.06334000505571477, 0.1118276448674884, 0.09830119196350201, 0.013139636548059332, 0.043001787148455074, 0.0074580626649566615, 0.005905917949407006, 0, 0.01543897243911724], [0.017399715559724225, 0.012971486101220574, 0.020851234035622692, 0.08419500337515037, 0.06887189329859408, 0.018829000102978156, 0.04826588872673928, 0.02036582678780293, 0.14080916266174004, 0.0039044222610849673, 0.0030426928143411918, 0.005181071854464019, 0.01543897243911724, 0]]}