{"FC": [0.44023817429522216, 0.7082348621217059, 0.7027785854366314, 0.46688855826249354, 0.5260505687812823, 0.6540060986922236, 0.5317864040925908, 0.4729049473940271, 0.2173606495712694], "FF": [[0, 0.5234785261219543, 0.5489408762586038, 0.3367435794238468, 0.4543994581918848, 0.4430076397268727, 0.4082481923798748, 0.3766206635333329, 0.27570284328963346], [0.5234785261219543, 0, 1.1133324176220847, 0.636934114249884, 0.7284201777711636, 0.6907238795042868, 0.6954480396166155, 0.607137871096121, 0.32193309203839476], [0.5489408762586038, 1.1133324176220847, 0, 0.5963413970542548, 0.6785214183370007, 0.654144330083198, 0.6620723123366056, 0.5945827341356117, 0.29095574690267867], [0.3367435794238468, 0.636934114249884, 0.5963413970542548, 0, 0.5528123063012319, 0.525689225269581, 0.5608840096979185, 0.4519006688945181, 0.2671462918507445], [0.4543994581918848, 0.7284201777711636, 0.6785214183370007, 0.5528123063012319, 0, 0.5123471856128095, 0.5242718816951775, 0.5559792504525126, 0.3390270719033056], [0.4430076397268727, 0.6907238795042868, 0.654144330083198, 0.525689225269581, 0.5123471856128095, 0, 0.5976106838940706, 0.5052556302659829, 0.2481478587407368], [0.4082481923798748, 0.6954480396166155, 0.6620723123366056, 0.5608840096979185, 0.5242718816951775, 0.5976106838940706, 0, 0.5288585239499294, 0.21065776855260512], [0.3766206635333329, 0.607137871096121, 0.5945827341356117, 0.4519006688945181, 0.5559792504525126, 0.5052556302659829, 0.5288585239499294, 0, 0.29893552254518435], [0.27570284328963346, 0.32193309203839476, 0.29095574690267867, 0.2671462918507445, 0.3390270719033056, 0.2481478587407368, 0.21065776855260512, 0.29893552254518435, 0]]}