{"FC": [0.0007454942772418833, 0.04236866255543681, 0.04235001006112744, 0.015639218766158182, 0.015639218766158182, 0.11187025392284763, 0.0603838593104055, 0.06884703202028167, 0.49660907593704773, 0.14266263292202447, 0.1127658217977896, 0.0016386054851838215, 0.01759036195529299, 0.0, 0.02283353193767889], "FF": [[0, 0.018345859805339357, 0.019705046462409465, 0.0066394733194451595, 0.0066394733194451595, 0.11834983122100576, 0.040627384291038654, 0.00019505966162769797, 0.0002515378405597178, 0.00046827977205354983, 0.00012688646518719269, 0.0024341328471817122, 0.0060053503285032, 0.0, 0.001294498348846219], [0.018345859805339357, 0, 0.2865971222459764, 0.025797965152862312, 0.025797965152862312, 0.2602629688542631, 0.2117863870336979, 0.14962730314843575, 0.058952124791302, 0.023620520822456175, 0.03179660706715357, 0.021841888236343438, 0.016953307699982573, 0.0, 0.017479616238756907], [0.019705046462409465, 0.2865971222459764, 0, 0.021654694885678467, 0.021654694885678467, 0.1877321965389498, 0.1312533016455471, 0.08102204525216793, 0.054122858906663414, 0.032747328986723334, 0.052924411367611265, 0.0188994401840825, 0.016709307258078416, 0.0, 0.01926034014964904], [0.0066394733194451595, 0.025797965152862312, 0.021654694885678467, 0, 0.811423735484235, 0.033701949001197176, 0.01858548823939802, 0.013972559292460177, 0.007264281330578317, 0.01951055187284765, 0.002684260265868001, 0.002494391072468977, 0.009121933674225159, 0.0, 8.180443817578967e-05], [0.0066394733194451595, 0.025797965152862312, 0.021654694885678467, 0.811423735484235, 0, 0.033701949001197176, 0.01858548823939802, 0.013972559292460177, 0.007264281330578317, 0.01951055187284765, 0.002684260265868001, 0.002494391072468977, 0.009121933674225159, 0.0, 8.180443817578967e-05], [0.11834983122100576, 0.2602629688542631, 0.1877321965389498, 0.033701949001197176, 0.033701949001197176, 0, 0.7724097320764323, 0.0387439239071426, 0.09257049977583652, 0.05802691311735048, 0.04304356553402682, 0.03679636693574631, 0.07173152581723184, 0.0, 0.029392172117272523], [0.040627384291038654, 0.2117863870336979, 0.1312533016455471, 0.01858548823939802, 0.01858548823939802, 0.7724097320764323, 0, 0.0536814889032007, 0.06641649950099847, 0.009631004260620132, 0.038102863723496604, 0.03395182792922625, 0.012621518832000954, 0.0, 0.007542683646681483], [0.00019505966162769797, 0.14962730314843575, 0.08102204525216793, 0.013972559292460177, 0.013972559292460177, 0.0387439239071426, 0.0536814889032007, 0, 0.08101411705697908, 0.02294108750249113, 0.034337952506761804, 0.00729296101945134, 0.001011036860812603, 0.0, 0.013353047524442663], [0.0002515378405597178, 0.058952124791302, 0.054122858906663414, 0.007264281330578317, 0.007264281330578317, 0.09257049977583652, 0.06641649950099847, 0.08101411705697908, 0, 0.1237968255324817, 0.11278810171942369, 0.004624390679805981, 0.008683317805751335, 0.0, 0.01758281167024793], [0.00046827977205354983, 0.023620520822456175, 0.032747328986723334, 0.01951055187284765, 0.01951055187284765, 0.05802691311735048, 0.009631004260620132, 0.02294108750249113, 0.1237968255324817, 0, 0.1877621444502771, 7.142454538919436e-05, 0.05620895347620118, 0.0, 0.0006280129973423292], [0.00012688646518719269, 0.03179660706715357, 0.052924411367611265, 0.002684260265868001, 0.002684260265868001, 0.04304356553402682, 0.038102863723496604, 0.034337952506761804, 0.11278810171942369, 0.1877621444502771, 0, 0.0010983728991432826, 0.009152448937210216, 0.0, 0.00014219494231980628], [0.0024341328471817122, 0.021841888236343438, 0.0188994401840825, 0.002494391072468977, 0.002494391072468977, 0.03679636693574631, 0.03395182792922625, 0.00729296101945134, 0.004624390679805981, 7.142454538919436e-05, 0.0010983728991432826, 0, 0.0037553118694587558, 0.0, 4.274391467328485e-05], [0.0060053503285032, 0.016953307699982573, 0.016709307258078416, 0.009121933674225159, 0.009121933674225159, 0.07173152581723184, 0.012621518832000954, 0.001011036860812603, 0.008683317805751335, 0.05620895347620118, 0.009152448937210216, 0.0037553118694587558, 0, 0.0, 0.002297638330509638], [0.0, 0.0, 0.0, 0.0, 0.0, 0.0, 0.0, 0.0, 0.0, 0.0, 0.0, 0.0, 0.0, 0, 0.0], [0.001294498348846219, 0.017479616238756907, 0.01926034014964904, 8.180443817578967e-05, 8.180443817578967e-05, 0.029392172117272523, 0.007542683646681483, 0.013353047524442663, 0.01758281167024793, 0.0006280129973423292, 0.00014219494231980628, 4.274391467328485e-05, 0.002297638330509638, 0.0, 0]]}