{"FC": [0.3820860345811449, 0.0, 0.29344163948329965, 0.2979995705849567, 0.10153109492652947, 0.2520340602642229, 0.011985425811041301, 0.24812679758736506, 0.6435483315387348, 0.0, 0.4459272214927284, 0.266530688141586, 0.0, 0.4207119731386721, 0.16510492539620356, 0.3184862472769445, 0.09959497666310006, 0.27881082108562805, 0.25209149253676394, 0.05028591322698012, 0.0004492825282290687, 0.2551740298820637, 0.0009245315375793412, 0.00023104709198994768, 0.05669038809021739, 0.0, 0.0, 0.0008288248012775927, 0.0, 0.00048162508496591794, 0.00025059321762327413, 0.0005012538174692416, 0.23851782187368187, 0.0, 0.07655959336959473, 0.019128219451960544, 0.0002761808117250344, 0.0, 0.0, 0.0, 0.20195947972410416, 0.0, 0.0, 0.00034279940925152055, 0.0002761808117250344, 0.15544233448078296, 0.0, 0.0, 0.20066436690849623, 0.0, 0.258428369257203, 0.0, 0.11734703407272142, 0.21147661343452817, 0.22502209583135124, 0.08133360543964835, 0.19391147569487338, 0.0, 0.22629291101545596, 0.0, 0.25647912571542075, 0.22387955138363183, 0.21480648396935417, 0.04879516884585928, 0.48506024584920593, 0.11711453564685728, 0.41932240714962266, 0.4171325508441835, 0.31746584192582933, 0.22082869619697626, 0.025315085687883362, 0.2534009013159735, 0.38930307392396357, 0.11235789808334715, 0.3275216878515918, 0.31565683305393455, 0.26533826422989804, 0.30051425232391243, 0.02515442185757334, 0.037739673891459144, 0.2918025467697702, 0.24849303911783255, 0.28922486156513594, 0.40734955340848605, 0.0, 0.272486595276318, 0.22427736450254476, 0.0, 0.2578848557862134, 0.2660044973272985, 0.26714425341833353, 0.3909548101531589, 0.0, 0.22293829274686072, 0.20258926120592058, 0.0, 0.2358446769846808, 0.16134897227183467, 0.25527601912825476, 0.22527770837587302, 0.0004492825282290687, 0.1892825297014734, 0.0, 0.0, 0.23440588170390442, 0.1832003978156561, 0.22067816771731036, 0.20455438310138152, 0.0004492825282290687, 0.2079028806795632, 0.0, 0.0, 0.2911683507403091, 0.23828255302550388, 0.2993162569577183, 0.430174037612472, 0.22584712491409123, 0.2702681285590019, 0.25686853106432106, 0.06367924818683837, 0.2760927544300469, 0.22520617672948276, 0.2980730938241089, 0.0, 0.3394571283810273, 0.20556717315574718, 0.23508269168974805, 0.05440569386553306], "FF": [[0, 0.0, 0.9205857327291779, 0.8407601640562962, 0.2028190647384362, 0.6913293359966671, 0.030668337567933992, 0.45937938404514794, 0.7962910229124452, 0.0, 0.7220550033829929, 0.40816340029239756, 0.0, 0.7075598973248695, 0.2640021612082712, 0.30253528868600776, 0.08047734453892942, 0.1247879162629223, 0.06259286059020533, 0.012072078783773404, 0.00016953676462006336, 0.13445781980902524, 0.00022606315882123205, 5.6505186999323065e-05, 0.05207052690983835, 0.0, 0.0, 0.00033913716695948583, 0.0, 0.00011301744127601912, 5.6505186999323065e-05, 0.00011301744127601912, 0.28766248753677043, 0.0, 0.10598985993414546, 0.019222810360270844, 0.00011301744127601912, 0.0, 0.0, 0.0, 0.27847581356147727, 0.0, 0.0, 0.0004321205069181402, 0.00011301744127601912, 0.22906949979397825, 0.0, 0.0, 0.1684375434153262, 0.0, 0.08860710377486657, 0.0, 0.009107783443789685, 0.17550570948146307, 0.15535134165293119, 0.06635537794920594, 0.15155491198984675, 0.0, 0.06986549437313577, 0.0, 0.013016821400489379, 0.18989948857508332, 0.1430348323504842, 0.03743945239652156, 0.6697580368383387, 0.08232150597287001, 0.6084309376848956, 0.5613764303289397, 0.4000078167529457, 0.4077414965385856, 0.05245081395035857, 0.2776663832670893, 0.6978563175598184, 0.09511411629550871, 0.6156262453104383, 0.5584752492826942, 0.4327369149416981, 0.5465645456719738, 0.06178469686542675, 0.05757777843178903, 0.2257604342323853, 0.12214994821229096, 0.1110196798426389, 0.07688538552731124, 0.0, 0.1862354563970897, 0.15403366250941913, 0.0, 0.20160988348129624, 0.13043943623552712, 0.09912468233287106, 0.05945508751194395, 0.0, 0.1745915821839693, 0.14591978219997137, 0.0, 0.240505371766916, 0.11540107561075745, 0.1320191876046362, 0.02300410854285776, 0.00016953676462006336, 0.18533280498144525, 0.0, 0.0, 0.2167570432642667, 0.10850771502632948, 0.1215791146272455, 0.014541895795539602, 0.00016953676462006336, 0.1709175490897775, 0.0, 0.0, 0.28852866737795085, 0.14010368985100352, 0.14377617175468457, 0.07983315715789979, 0.004974915300714129, 0.2085072067620146, 0.18265474027763062, 0.07849343290692926, 0.27837144957035603, 0.13048663406394936, 0.13920781280748187, 0.0, 0.025977121928447186, 0.1895441554865466, 0.18380819111971536, 0.06718159402980622], [0.0, 0, 0.0, 0.0, 0.0, 0.0, 0.0, 0.0, 0.0, 0.0, 0.0, 0.0, 0.0, 0.0, 0.0, 0.0, 0.0, 0.0, 0.0, 0.0, 0.0, 0.0, 0.0, 0.0, 0.0, 0.0, 0.0, 0.0, 0.0, 0.0, 0.0, 0.0, 0.0, 0.0, 0.0, 0.0, 0.0, 0.0, 0.0, 0.0, 0.0, 0.0, 0.0, 0.0, 0.0, 0.0, 0.0, 0.0, 0.0, 0.0, 0.0, 0.0, 0.0, 0.0, 0.0, 0.0, 0.0, 0.0, 0.0, 0.0, 0.0, 0.0, 0.0, 0.0, 0.0, 0.0, 0.0, 0.0, 0.0, 0.0, 0.0, 0.0, 0.0, 0.0, 0.0, 0.0, 0.0, 0.0, 0.0, 0.0, 0.0, 0.0, 0.0, 0.0, 0.0, 0.0, 0.0, 0.0, 0.0, 0.0, 0.0, 0.0, 0.0, 0.0, 0.0, 0.0, 0.0, 0.0, 0.0, 0.0, 0.0, 0.0, 0.0, 0.0, 0.0, 0.0, 0.0, 0.0, 0.0, 0.0, 0.0, 0.0, 0.0, 0.0, 0.0, 0.0, 0.0, 0.0, 0.0, 0.0, 0.0, 0.0, 0.0, 0.0, 0.0, 0.0, 0.0, 0.0], [0.9205857327291779, 0.0, 0, 1.0402226085183457, 0.22342787968607697, 0.758972094542665, 0.03281654374915168, 0.45027190895308034, 0.6640133066697523, 0.0, 0.757946299209408, 0.4411013200639466, 0.0, 0.6606298640090438, 0.25852839556270035, 0.2746571310778124, 0.07132314895386743, 0.1483998477992251, 0.08811332118138412, 0.009615929956149013, 0.00013499874102864721, 0.1715519941732572, 0.00018000912725821413, 4.49941787066507e-05, 0.04016155413976197, 0.0, 0.0, 0.00027004611639327075, 0.0, 8.999375861380943e-05, 4.49941787066507e-05, 8.999375861380943e-05, 0.33303783976523427, 0.0, 0.13053080609664156, 0.02676393334876396, 8.999375861380943e-05, 0.0, 0.0, 0.0, 0.3079676365866987, 0.0, 0.0, 0.000564703296969858, 8.999375861380943e-05, 0.30799753439705435, 0.0, 0.0, 0.22481875212191352, 0.0, 0.1473043388169868, 0.0, 0.014983814621671454, 0.22274554914298803, 0.18836747605283535, 0.07056629092741362, 0.20725787962866976, 0.0, 0.10475859455417036, 0.0, 0.014431137094167015, 0.23655034972060607, 0.1723608244257678, 0.041712481158626614, 0.642142763234103, 0.0922944139092778, 0.643864365395995, 0.6031340336661428, 0.4309173305489378, 0.4160239888061558, 0.052070517621854384, 0.25747433495858213, 0.6334617898834067, 0.10304422720431274, 0.6268307631201097, 0.6000745534521927, 0.45149834078840495, 0.5230731985790879, 0.0582758193321609, 0.060481018699678785, 0.29050085074062587, 0.15488410543439474, 0.15346896018351758, 0.10213752728251217, 0.0, 0.2221522241992342, 0.17927738784336322, 0.0, 0.2677098619358311, 0.1527386501807224, 0.1484037577821521, 0.08753063856917262, 0.0, 0.23539001603206472, 0.17892645998526743, 0.0, 0.2791896596812955, 0.14000174230139326, 0.17446482236885838, 0.0388633594539136, 0.00013499874102864721, 0.24827440674250575, 0.0, 0.0, 0.2413158020087226, 0.13615631619687732, 0.15221038946127027, 0.027134410784757344, 0.00013499874102864721, 0.219832557758726, 0.0, 0.0, 0.35459311134471744, 0.16640514627581088, 0.20248217133538762, 0.10853948789978071, 0.007571421938451407, 0.25143862472113454, 0.22107234336512174, 0.08697239100172313, 0.3574552838884076, 0.16038630826668035, 0.20527416496789128, 0.0, 0.04508483811914733, 0.23836730106702791, 0.23611271673276682, 0.0746906891664321], [0.8407601640562962, 0.0, 1.0402226085183457, 0, 0.23151820074948412, 0.6894840471509929, 0.03203493246352321, 0.4372257807894265, 0.6590106101201685, 0.0, 0.7346154758396626, 0.4267543872214741, 0.0, 0.6435761674571845, 0.24576584976633545, 0.262006314253065, 0.07694693145583442, 0.146374162352887, 0.10208377714521714, 0.008782548605001642, 0.0003284272638691767, 0.1787126184966231, 0.0001959827670828741, 4.898674359328934e-05, 0.042155898243673245, 0.0, 0.0, 0.0003577532799097481, 0.0, 9.797945166065936e-05, 4.898674359328934e-05, 9.797945166065936e-05, 0.3174698609797255, 0.0, 0.13362270584359873, 0.027677940388738005, 9.797945166065936e-05, 0.0, 0.0, 0.0, 0.29489496410618915, 0.0, 0.0, 0.0009893937935077219, 9.797945166065936e-05, 0.3003153719308822, 0.0, 0.0, 0.23639500038391484, 0.0, 0.16879304848678492, 0.0, 0.01760293292608435, 0.22900050253111187, 0.2028088520509261, 0.07550575499847473, 0.21943792106031024, 0.0, 0.12040861544163622, 0.0, 0.015094075104595001, 0.25268359030272597, 0.18783701990132048, 0.04931450149760276, 0.6036043555486444, 0.08965749088215608, 0.6422367885771122, 0.6121333069834921, 0.4409162920927625, 0.3996889485133492, 0.0510839516963024, 0.25072000702268854, 0.5959353385101944, 0.10193768164809351, 0.5937163813260371, 0.5807812411253879, 0.4424072223637829, 0.5094482361754797, 0.058236994766665474, 0.060284296779618794, 0.30671730541233394, 0.14243420335522003, 0.16972704772082486, 0.11736803342901118, 0.0, 0.22739315066915386, 0.1910155698739529, 0.0, 0.278906901157591, 0.15354808588106642, 0.16768109449652205, 0.09797207036179024, 0.0, 0.2530720748072986, 0.1916211771270128, 0.0, 0.28947454078534485, 0.13946494358340508, 0.1832675074216564, 0.04374468381644639, 9.446035642457026e-05, 0.2508010829870392, 0.0, 0.0, 0.25240628090406614, 0.13463789547507288, 0.17133711272751376, 0.03063810902968359, 9.446035642457026e-05, 0.2297676512301001, 0.0, 0.0, 0.3773095474787143, 0.1661593817732297, 0.21886458537250197, 0.11001562698078479, 0.01112359139406011, 0.2584537192880267, 0.2399766683962134, 0.09150359296341011, 0.37565988921555654, 0.16183972885044948, 0.22336364063188963, 0.0, 0.053870418926836645, 0.2406629429727313, 0.2508985928305915, 0.07757384360463321], [0.2028190647384362, 0.0, 0.22342787968607697, 0.23151820074948412, 0, 0.1798042679376532, 0.025676433612389832, 0.18528826781131402, 0.20861428105805657, 0.0, 0.21993154922114666, 0.10482643877200569, 0.0, 0.18998295529464862, 0.16518781758453, 0.1492776636007839, 0.015163957643625619, 0.06248983254492687, 0.050208388701792325, 0.0015133446636089512, 0.0005004702776707667, 0.08185903348860869, 3.0107953535188022e-05, 7.525798482532477e-06, 0.007797178352826196, 0.0, 0.0, 0.00040536690352566243, 0.0, 1.50523901209413e-05, 7.525798482532477e-06, 1.50523901209413e-05, 0.1310943332259373, 0.0, 0.06282942698048251, 0.00030317773070831413, 1.50523901209413e-05, 0.0, 0.0, 0.0, 0.13732292144226138, 0.0, 0.0, 0.00015272177636773207, 1.50523901209413e-05, 0.12276386191857382, 0.0, 0.0, 0.07491941097294251, 0.0, 0.05798835519514637, 0.0, 0.0071727327531688435, 0.10589637023031256, 0.08492282696155475, 0.0352856661897323, 0.070118419601614, 0.0, 0.04918152296649617, 0.0, 0.0070414683413210465, 0.10383883388640987, 0.07859815982532045, 0.03273683970659932, 0.19773950013504724, 0.003908640140212086, 0.2007362912940341, 0.18504182949965814, 0.17224196385792823, 0.1756160746172275, 0.050581931324639486, 0.12241575034362853, 0.1774154402543128, 0.0067218727037417665, 0.1822105130180819, 0.1817860344570752, 0.18318892961601968, 0.14801157304334447, 0.05081775512688467, 0.0463088296955841, 0.11631865820070474, 0.07906075918766388, 0.06036113345871009, 0.04646975280438275, 0.0, 0.09773976696739466, 0.08454728331146909, 0.0, 0.11493401834849461, 0.06716973652658303, 0.05688574913029577, 0.035543216723749736, 0.0, 0.09247754859073347, 0.07951805306960505, 0.0, 0.10530574250601618, 0.037986724994729465, 0.06067988426496261, 0.005291169293721618, 2.257977508279983e-05, 0.09920360542433562, 0.0, 0.0, 0.09571909415707922, 0.03685890661598898, 0.05226571433537097, 0.0026995648441337844, 2.257977508279983e-05, 0.10043346001697108, 0.0, 0.0, 0.1353927381162148, 0.07149002687118428, 0.08367400653437745, 0.04306628852695155, 0.008700169118594963, 0.10514076388368238, 0.10228317638812823, 0.04466811938295474, 0.13436370880581378, 0.07191721341370161, 0.07830722157339402, 0.0, 0.013067895094861098, 0.11390863835553286, 0.10775530103209757, 0.04638774758871684], [0.6913293359966671, 0.0, 0.758972094542665, 0.6894840471509929, 0.1798042679376532, 0, 0.0405088550464211, 0.5055923109065237, 0.5248712128660111, 0.0, 0.5490355925815358, 0.36249566875755657, 0.0, 0.6586905972190916, 0.2807068492489146, 0.3110210999477768, 0.0544262424439044, 0.13704817763192514, 0.0740773035198764, 0.007974297584512015, 0.00011450067728528484, 0.165381650944517, 0.00015267651629666295, 3.816242019111545e-05, 0.03253807438517281, 0.0, 0.0, 0.00022904162052182872, 0.0, 0.00034286028185290734, 3.816242019111545e-05, 7.63293122681615e-05, 0.2964651214314145, 0.0, 0.12257415555542074, 0.022876576936033254, 7.63293122681615e-05, 0.0, 0.0, 0.0, 0.2913053901723819, 0.0, 0.0, 0.00030308994947716577, 7.63293122681615e-05, 0.31714432815099997, 0.0, 0.0, 0.17248059263611917, 0.0, 0.11224239816924272, 0.0, 0.007336668186074294, 0.24187372074385705, 0.20240477329303846, 0.07526984166990296, 0.16092518687093316, 0.0, 0.08904810543143481, 0.0, 0.01479057313382218, 0.25236298482036984, 0.18969773047451172, 0.05270531681476611, 0.5686075617524673, 0.09358932944640298, 0.5420030126690459, 0.4845190209697681, 0.3307845551531401, 0.46593038425727773, 0.06695920533596102, 0.30129261185052914, 0.5755495803019419, 0.10297115906401418, 0.5234561567128329, 0.5046723761585683, 0.36291803777207604, 0.6328968358753463, 0.0753878389550478, 0.07906088399261817, 0.20667727765050317, 0.13516159515732873, 0.12161214514712566, 0.08833621623269598, 0.0, 0.24471184080248418, 0.1945166756150868, 0.0, 0.1903088361978257, 0.1419230202055552, 0.11240715892329604, 0.08057341043682545, 0.0, 0.22495676317669633, 0.1871107185367312, 0.0, 0.2452222024581458, 0.13589692507773096, 0.15707791056657608, 0.04707938875447309, 0.00011450067728528484, 0.256943203269284, 0.0, 0.0, 0.21283619472621748, 0.12638879634330483, 0.13005326772270304, 0.037216650366812154, 0.00011450067728528484, 0.23752742991498782, 0.0, 0.0, 0.2585254640012715, 0.15241812290321072, 0.14097189572785054, 0.08972393618326469, 0.007886882040576375, 0.2830628206951885, 0.2515551847943287, 0.09679118681401026, 0.2621368587014049, 0.14430010931100318, 0.1476682618567817, 0.0, 0.035555332950735465, 0.2606492102550504, 0.2666073471573155, 0.08559491555460992], [0.030668337567933992, 0.0, 0.03281654374915168, 0.03203493246352321, 0.025676433612389832, 0.0405088550464211, 0, 0.0458715540506592, 0.03394842057245631, 0.0, 0.03310638143619256, 0.009250289795781307, 0.0, 0.040097133372294744, 0.04048516354065771, 0.03734076336137887, 0.002321456421554817, 0.02017589134230674, 0.008304276937552755, 0.0002527966094617101, 3.346935606884378e-06, 0.028216106960276564, 4.46281095187637e-06, 1.1155301545899539e-06, 0.001218387605830221, 0.0, 0.0, 6.694906998605388e-06, 0.0, 0.0009144523571756594, 1.1155301545899539e-06, 2.2311753488776213e-06, 0.019638648799569572, 0.0, 0.00326538196187421, 0.00011371796198920062, 2.2311753488776213e-06, 0.0, 0.0, 0.0, 0.018289493369810794, 0.0, 0.0, 0.0004978055435066499, 2.2311753488776213e-06, 0.028640384746266238, 0.0, 0.0, 0.00832193722577468, 0.0, 0.009653655029089745, 0.0, 0.004274268667198865, 0.029559771341659005, 0.028676791881600314, 0.025923388153100597, 0.0077866778866593055, 0.0, 0.005182718859424829, 0.0, 0.0025664643803700368, 0.02897197128579828, 0.028041694712278804, 0.025085977505044113, 0.03510122262879555, 0.0036205842919609954, 0.03459384807241753, 0.03527041717092791, 0.028206419426137275, 0.04273994586479193, 0.041385655264072334, 0.03692382720848753, 0.03187538189449946, 0.00484217457600553, 0.033180501657565455, 0.03456048800513396, 0.029790145089530685, 0.03934280554454461, 0.04740121136678484, 0.03356200706881718, 0.02171456516116596, 0.02014513199261133, 0.01110965382413396, 0.007958717387133869, 0.0, 0.029761116283066866, 0.030592636589669424, 0.0, 0.020984236828271812, 0.021785638820561896, 0.010483206466029352, 0.006849162482974121, 0.0, 0.027960805102365482, 0.029486188876724728, 0.0, 0.01802192075456843, 0.020603888488538058, 0.011272346165598445, 0.0015109622339074765, 3.346935606884378e-06, 0.02687244109987041, 0.0, 0.0, 0.014558492963295514, 0.01944659163032896, 0.010457181076133422, 0.0013369617465894303, 3.346935606884378e-06, 0.02360763587391594, 0.0, 0.0, 0.021786427277207955, 0.022965525965919064, 0.017156078457561952, 0.008622233278620753, 0.0024525006037819158, 0.030227085683267704, 0.031067240476050303, 0.025019392264229348, 0.020988060750482644, 0.022085565241083186, 0.01761720764591311, 0.0, 0.00525510376008731, 0.030065211333230382, 0.03013610875087032, 0.02509511028624327], [0.45937938404514794, 0.0, 0.45027190895308034, 0.4372257807894265, 0.18528826781131402, 0.5055923109065237, 0.0458715540506592, 0, 0.43745732726165326, 0.0, 0.4220549660603448, 0.22591150026294002, 0.0, 0.4989417918597754, 0.339410498283685, 0.4704856025111086, 0.03481616121784545, 0.09087962421930743, 0.06541300984211067, 0.004696060536907857, 0.0002617514963311084, 0.15404337689965653, 0.00012474200305207764, 3.1180151918011614e-05, 0.02202983120518016, 0.0, 0.0, 0.00023763613876097878, 0.0, 0.0005135709356450346, 0.0004824060083746316, 0.0005135709356450346, 0.23456912835434013, 0.0, 0.08003154146187352, 0.01283844235741035, 6.236386918679842e-05, 0.0, 0.0, 0.0, 0.21728672550940575, 0.0, 0.0, 0.0007645619774497895, 6.236386918679842e-05, 0.23621114237468427, 0.0, 0.0, 0.11184581249134734, 0.0, 0.08320685731074476, 0.0, 0.014848802551322874, 0.22462074429971823, 0.2254728080128862, 0.14213887743263892, 0.10438110425185591, 0.0, 0.06281585654679124, 0.0, 0.018426675719843234, 0.2382400397175578, 0.20782973169214236, 0.10850909303185902, 0.42777763652003653, 0.030545542631671738, 0.4085577950149156, 0.36916765270557167, 0.37140395563451273, 0.4001946898889367, 0.106253307978189, 0.4455092300191975, 0.3869330371611462, 0.03732509724097594, 0.35356619341597073, 0.35586663831184306, 0.35451467352625293, 0.4349837943944129, 0.10476021570073986, 0.14005502355511398, 0.16973343469911376, 0.1071812650379681, 0.08520805498664329, 0.07195609552530681, 0.0, 0.21783056175618692, 0.21334755725261814, 0.0, 0.16916353402087325, 0.09989697364809846, 0.08012250534024433, 0.06805907074729606, 0.0, 0.20872753479514855, 0.20337612702648147, 0.0, 0.18782270791998046, 0.0926819268254948, 0.11052847363746776, 0.010700352042402623, 0.0004063856443167752, 0.21385101608342783, 0.0, 0.0, 0.15210286847322596, 0.08647761159417995, 0.09163466013602488, 0.00525676153664484, 0.0004063856443167752, 0.18289822474636513, 0.0, 0.0, 0.222315681939812, 0.10396783913975531, 0.11791180549871175, 0.07519348345166478, 0.016482458047083617, 0.2695963314327802, 0.26905092892510957, 0.1698816661658866, 0.2199240939570529, 0.09840167695621765, 0.11587666616523554, 0.0, 0.030002783665447407, 0.2522104629483993, 0.28490641071950895, 0.1561200408404273], [0.7962910229124452, 0.0, 0.6640133066697523, 0.6590106101201685, 0.20861428105805657, 0.5248712128660111, 0.03394842057245631, 0.43745732726165326, 0, 0.0, 1.1448394526999923, 0.5095471498458782, 0.0, 1.0565723466601613, 0.3391361706312195, 0.455680132575432, 0.09056968631149176, 0.18438877769982112, 0.12840534099995773, 0.02030716956012637, 0.00032990600502221516, 0.18827530619684846, 0.0004399081851030264, 0.00010995191780756609, 0.08355015046430549, 0.0, 0.0, 0.0006599628449154021, 0.0, 0.0002199205843698354, 0.00010995191780756609, 0.0002199205843698354, 0.38172257733879433, 0.0, 0.09869861969135488, 0.027148213937427314, 0.0002199205843698354, 0.0, 0.0, 0.0, 0.36953082543239274, 0.0, 0.0, 0.0005748931686511404, 0.0002199205843698354, 0.308215743147703, 0.0, 0.0, 0.2133833196012569, 0.0, 0.16220614314887113, 0.0, 0.03375177916198868, 0.23691447629258797, 0.21002585187985734, 0.10332830523156725, 0.19364023545356723, 0.0, 0.0980466969875127, 0.0, 0.04943073815626234, 0.2680469878571442, 0.20262217667782745, 0.0666835730195251, 0.9975773998501012, 0.10062965047685524, 0.8314398170748034, 0.7547689666144174, 0.5111167821802046, 0.4854548286238713, 0.07267246243857951, 0.36699695529667137, 0.7521720379845408, 0.10710477108765369, 0.6590038847101694, 0.6316802189909101, 0.4825777821978115, 0.5974352930844881, 0.08423087145584897, 0.08137184726560277, 0.3237384764367657, 0.18041281229124684, 0.1755421008664968, 0.14896345267769226, 0.0, 0.25790858172238573, 0.24865004205641966, 0.0, 0.30830206810380034, 0.19255143743123046, 0.17197909782804002, 0.13451741762748376, 0.0, 0.26284196783351504, 0.23694418639589654, 0.0, 0.3661589929842796, 0.1707245326081735, 0.17931886725517904, 0.021731843261946965, 0.00032990600502221516, 0.2564711193406408, 0.0, 0.0, 0.3294824539324623, 0.15745359038658988, 0.1592738539440997, 0.01813464887711748, 0.00032990600502221516, 0.2707733596475502, 0.0, 0.0, 0.4027365629013927, 0.1965528876031754, 0.22249001589768838, 0.16401262391513896, 0.025693457956207692, 0.28866485973009465, 0.2626602433755973, 0.11807737235548108, 0.4024686025587323, 0.18579321348266978, 0.22372769538910786, 0.0, 0.06316460140023741, 0.24704561664300806, 0.27664438833842847, 0.10394226124313374], [0.0, 0.0, 0.0, 0.0, 0.0, 0.0, 0.0, 0.0, 0.0, 0, 0.0, 0.0, 0.0, 0.0, 0.0, 0.0, 0.0, 0.0, 0.0, 0.0, 0.0, 0.0, 0.0, 0.0, 0.0, 0.0, 0.0, 0.0, 0.0, 0.0, 0.0, 0.0, 0.0, 0.0, 0.0, 0.0, 0.0, 0.0, 0.0, 0.0, 0.0, 0.0, 0.0, 0.0, 0.0, 0.0, 0.0, 0.0, 0.0, 0.0, 0.0, 0.0, 0.0, 0.0, 0.0, 0.0, 0.0, 0.0, 0.0, 0.0, 0.0, 0.0, 0.0, 0.0, 0.0, 0.0, 0.0, 0.0, 0.0, 0.0, 0.0, 0.0, 0.0, 0.0, 0.0, 0.0, 0.0, 0.0, 0.0, 0.0, 0.0, 0.0, 0.0, 0.0, 0.0, 0.0, 0.0, 0.0, 0.0, 0.0, 0.0, 0.0, 0.0, 0.0, 0.0, 0.0, 0.0, 0.0, 0.0, 0.0, 0.0, 0.0, 0.0, 0.0, 0.0, 0.0, 0.0, 0.0, 0.0, 0.0, 0.0, 0.0, 0.0, 0.0, 0.0, 0.0, 0.0, 0.0, 0.0, 0.0, 0.0, 0.0, 0.0, 0.0, 0.0, 0.0, 0.0, 0.0], [0.7220550033829929, 0.0, 0.757946299209408, 0.7346154758396626, 0.21993154922114666, 0.5490355925815358, 0.03310638143619256, 0.4220549660603448, 1.1448394526999923, 0.0, 0, 0.5952535111793147, 0.0, 1.1866052287231543, 0.3409001138946223, 0.42136440696584465, 0.10605899689999768, 0.17690924342444014, 0.12352303189695614, 0.011241312216400404, 0.00022898472764814484, 0.21247080902606585, 0.00044850036746542105, 0.00021956131845230777, 0.0670202513557951, 0.0, 0.0, 0.00017841021616407088, 0.0, 0.0001526462270014943, 7.631798539127007e-05, 0.00029586407919642997, 0.46069706597092863, 0.0, 0.13178956643183687, 0.02726926107359468, 9.041980595554653e-05, 0.0, 0.0, 0.0, 0.39697862480005736, 0.0, 0.0, 0.0007683429565314417, 9.041980595554653e-05, 0.38625138842182566, 0.0, 0.0, 0.2880027510338039, 0.0, 0.1997158544623858, 0.0, 0.020241528569346634, 0.28165074710851806, 0.24061029115896557, 0.11978041353633768, 0.26655951379064646, 0.0, 0.1433760729994485, 0.0, 0.030182897989291902, 0.3299726155978365, 0.2279186805179134, 0.07044068190791457, 0.9369629886014903, 0.12649400593280466, 0.9163061546273458, 0.781464433664578, 0.5695431009234752, 0.4953682136287881, 0.0672158360351804, 0.36675967654753977, 0.7842858524144555, 0.131419239687754, 0.7388170776611078, 0.6941079559333189, 0.507377413921684, 0.6345178945383508, 0.07438088414387405, 0.07964393808781889, 0.39329224082805603, 0.18826705953140446, 0.21739427036482453, 0.1516878341407664, 0.0, 0.2960808247098376, 0.25997487418419657, 0.0, 0.36986206344883876, 0.19749934678897488, 0.2063886537756515, 0.13312546065800185, 0.0, 0.32502098116934747, 0.24739677869862275, 0.0, 0.38212195925485165, 0.1952257462993243, 0.2345783467151511, 0.034903620753636254, 8.918916422370568e-05, 0.31187012089214566, 0.0, 0.0, 0.3291486158714906, 0.1849134641064299, 0.22976105090920357, 0.031212105534996454, 8.918916422370568e-05, 0.2947007340300821, 0.0, 0.0, 0.4641495700315204, 0.20961259244609334, 0.26919724469682865, 0.14728224130695264, 0.016774728277796695, 0.33450067787517795, 0.2921779249438329, 0.12424330335470894, 0.4846568583214293, 0.1953505350742503, 0.26673440397160336, 0.0, 0.05156685561629128, 0.2950892340149123, 0.30788966251709843, 0.10824006054039925], [0.40816340029239756, 0.0, 0.4411013200639466, 0.4267543872214741, 0.10482643877200569, 0.36249566875755657, 0.009250289795781307, 0.22591150026294002, 0.5095471498458782, 0.0, 0.5952535111793147, 0, 0.0, 0.5029589015547642, 0.15204064896440667, 0.2581436660564116, 0.061950907403435805, 0.10010261158683098, 0.07847651842443676, 0.008174722060378331, 0.0001261758810066508, 0.13762060655873593, 0.0003333587552460637, 0.00020722855287445856, 0.03373297398002363, 0.0, 0.0, 1.684038666996087e-05, 0.0, 8.411225726326744e-05, 4.205363065937968e-05, 8.411225726326744e-05, 0.2747871385448182, 0.0, 0.14515448775921472, 0.014517257356160551, 8.411225726326744e-05, 0.0, 0.0, 0.0, 0.2552335055857195, 0.0, 0.0, 1.3865894596622624e-08, 8.411225726326744e-05, 0.22109581138637946, 0.0, 0.0, 0.24159758904142126, 0.0, 0.1230097165164466, 0.0, 0.0020903838991105494, 0.18649258312549577, 0.18146837878981187, 0.09075334756359277, 0.2235176894307579, 0.0, 0.11584231058130189, 0.0, 0.010669317095858995, 0.21047531649999038, 0.17040121290832544, 0.048306090630876826, 0.54551725608887, 0.09853890544229726, 0.5689402072424876, 0.5615859657281711, 0.40220090669226505, 0.3173311149231931, 0.021209467169905377, 0.2730730041583478, 0.5256444785690743, 0.10927772103578626, 0.5106450123131622, 0.4880299276767422, 0.34211990277231596, 0.43668799631220523, 0.023312794501167126, 0.02874319594528814, 0.22981991397767848, 0.13062886884926758, 0.13963779882206853, 0.10605267719542076, 0.0, 0.21373762956618192, 0.1650752577944656, 0.0, 0.21724184455690929, 0.12148757651110091, 0.1213732344822426, 0.08799378854095358, 0.0, 0.19556832366876237, 0.1586554847444183, 0.0, 0.285188700849711, 0.09329584948094734, 0.16150500870399764, 0.04172922912082363, 0.0001261758810066508, 0.2220248586016206, 0.0, 0.0, 0.25157001655193617, 0.08313024383187059, 0.13119534199883914, 0.033680494797610934, 0.0001261758810066508, 0.2015166937607038, 0.0, 0.0, 0.3032815152956323, 0.1351260806499065, 0.1644179098537849, 0.08803953385440676, 0.008128852236094958, 0.2534651466699601, 0.21284038340293676, 0.0787616504174802, 0.30729327892902364, 0.12555825388017414, 0.1650082262981428, 0.0, 0.02920909241080272, 0.2045922193786587, 0.23765334004606203, 0.062466393403477254], [0.0, 0.0, 0.0, 0.0, 0.0, 0.0, 0.0, 0.0, 0.0, 0.0, 0.0, 0.0, 0, 0.0, 0.0, 0.0, 0.0, 0.0, 0.0, 0.0, 0.0, 0.0, 0.0, 0.0, 0.0, 0.0, 0.0, 0.0, 0.0, 0.0, 0.0, 0.0, 0.0, 0.0, 0.0, 0.0, 0.0, 0.0, 0.0, 0.0, 0.0, 0.0, 0.0, 0.0, 0.0, 0.0, 0.0, 0.0, 0.0, 0.0, 0.0, 0.0, 0.0, 0.0, 0.0, 0.0, 0.0, 0.0, 0.0, 0.0, 0.0, 0.0, 0.0, 0.0, 0.0, 0.0, 0.0, 0.0, 0.0, 0.0, 0.0, 0.0, 0.0, 0.0, 0.0, 0.0, 0.0, 0.0, 0.0, 0.0, 0.0, 0.0, 0.0, 0.0, 0.0, 0.0, 0.0, 0.0, 0.0, 0.0, 0.0, 0.0, 0.0, 0.0, 0.0, 0.0, 0.0, 0.0, 0.0, 0.0, 0.0, 0.0, 0.0, 0.0, 0.0, 0.0, 0.0, 0.0, 0.0, 0.0, 0.0, 0.0, 0.0, 0.0, 0.0, 0.0, 0.0, 0.0, 0.0, 0.0, 0.0, 0.0, 0.0, 0.0, 0.0, 0.0, 0.0, 0.0], [0.7075598973248695, 0.0, 0.6606298640090438, 0.6435761674571845, 0.18998295529464862, 0.6586905972190916, 0.040097133372294744, 0.4989417918597754, 1.0565723466601613, 0.0, 1.1866052287231543, 0.5029589015547642, 0.0, 0, 0.4133882541744018, 0.4996681862061113, 0.10883959388040478, 0.16289362898110651, 0.1219206384577354, 0.01445920401988051, 0.0002192257469026582, 0.24039157405844153, 0.00045379706001974214, 7.497373074810224e-05, 0.06988164741291697, 0.0, 0.0, 0.00032654929189775226, 0.0, 0.00042724514662321957, 0.0003522866405223659, 0.00042724514662321957, 0.4142886271821966, 0.0, 0.11395361728390851, 0.025520287983652815, 0.00014995748761029295, 0.0, 0.0, 0.0, 0.36198952858706496, 0.0, 0.0, 0.0005354584692246796, 0.00014995748761029295, 0.393590907533029, 0.0, 0.0, 0.26609868931075537, 0.0, 0.18517295163693764, 0.0, 0.015299665622704928, 0.33039014497860175, 0.29522732077106145, 0.14878438202181493, 0.25062012795153343, 0.0, 0.13561153610582294, 0.0, 0.02654712176703701, 0.3772848384974198, 0.282340875387178, 0.09833322881559062, 0.8816580492115674, 0.11302482295782118, 0.781553170319096, 0.6525446528908422, 0.47610436165359876, 0.5916229658098191, 0.08733607030276948, 0.4536069446524357, 0.7130745182514723, 0.11343385879594417, 0.621702090069463, 0.583901154616957, 0.4300203653835119, 0.7529466057439234, 0.09662311646869096, 0.11054008270387088, 0.37209512624979346, 0.17403868525789348, 0.21179680618394872, 0.13986036106555666, 0.0, 0.36357126093692194, 0.31600671868725383, 0.0, 0.33657905483984063, 0.17864132755018974, 0.19496323414844643, 0.12926852559995966, 0.0, 0.3814756489851837, 0.2993139351072325, 0.0, 0.3505967513106311, 0.1878273645247033, 0.19866866791654225, 0.029772265537668333, 0.00022495127332538187, 0.3296335085097381, 0.0, 0.0, 0.30420195106473386, 0.16870709675914194, 0.2068930620038052, 0.027762090748623576, 0.00022495127332538187, 0.3094340092591421, 0.0, 0.0, 0.4363031184409738, 0.1819289764122445, 0.23531244356704925, 0.14608644699226636, 0.010287393945231954, 0.4025438016520801, 0.3540838732352934, 0.1586624371263328, 0.4454124888478046, 0.16623626635678465, 0.23009031189062593, 0.0, 0.04127604243546946, 0.34942846563660906, 0.37699543725582996, 0.14202858271225155], [0.2640021612082712, 0.0, 0.25852839556270035, 0.24576584976633545, 0.16518781758453, 0.2807068492489146, 0.04048516354065771, 0.339410498283685, 0.3391361706312195, 0.0, 0.3409001138946223, 0.15204064896440667, 0.0, 0.4133882541744018, 0, 0.3718663598506448, 0.02357864768040408, 0.0950225688153011, 0.06652521531061488, 0.0033073413715384676, 0.0008288393898579414, 0.15310606093475068, 0.0008783854810642501, 1.40751864612891e-05, 0.012675742144378345, 0.0, 0.0, 0.0007533906954945415, 0.0, 0.001097765843018335, 0.0010837058812042807, 0.001097765843018335, 0.18811479382064014, 0.0, 0.07010228326182802, 0.0009833554029167841, 2.8151889883685646e-05, 0.0, 0.0, 0.0, 0.18257607893572758, 0.0, 0.0, 0.0012117073494370791, 2.8151889883685646e-05, 0.215622492040245, 0.0, 0.0, 0.08286940946202284, 0.0, 0.0798704620923858, 0.0, 0.02210551842501599, 0.21011287018652186, 0.19949430099262402, 0.11982077684128509, 0.07856137208888121, 0.0, 0.05697485034005604, 0.0, 0.02453842489527379, 0.2059482570562008, 0.18721606089381898, 0.11114172231405255, 0.297640212212301, 0.019954145808475356, 0.304312662863783, 0.28742157190584866, 0.2668580120947395, 0.32990100706117714, 0.12932168427079024, 0.3282377097895079, 0.2674918835290668, 0.026416387248253872, 0.2658188364451312, 0.2537152342093842, 0.2718952258614213, 0.30398191864554897, 0.12773995247329437, 0.1597317185656232, 0.14577905345640435, 0.10786774249459813, 0.07868662265565467, 0.059366460115226394, 0.0, 0.18749534609073382, 0.18528399030358955, 0.0, 0.1525087417082861, 0.10695829035258665, 0.07597841684407443, 0.05660115697732566, 0.0, 0.18285318530557298, 0.17736709330102765, 0.0, 0.1605976117583623, 0.09515277110041738, 0.08891294342220489, 0.01103058378345542, 4.223011059423648e-05, 0.18308868165987152, 0.0, 0.0, 0.13627707272642645, 0.08881668505193849, 0.08159136019382827, 0.006473966236896881, 4.223011059423648e-05, 0.16565843679926018, 0.0, 0.0, 0.1758001660494058, 0.10459586587327958, 0.11323655211539214, 0.06513355233113043, 0.02310477391766351, 0.2276566842699869, 0.23439157212696304, 0.15459836248479195, 0.1845541995350751, 0.0971341707947426, 0.11034474168102638, 0.0, 0.03343457731344023, 0.22833094336938775, 0.23205085918627222, 0.15108791186425546], [0.30253528868600776, 0.0, 0.2746571310778124, 0.262006314253065, 0.1492776636007839, 0.3110210999477768, 0.03734076336137887, 0.4704856025111086, 0.455680132575432, 0.0, 0.42136440696584465, 0.2581436660564116, 0.0, 0.4996681862061113, 0.3718663598506448, 0, 0.036791503724833405, 0.11976076071124811, 0.07934360094350724, 0.005738377881396896, 0.0003009349356651911, 0.1720941419146303, 0.00040089184383625544, 2.7286113604905257e-05, 0.021993187792578372, 0.0, 0.0, 0.0002651330759790631, 0.0, 0.0005566489006204004, 0.0005293780116625937, 0.0005566489006204004, 0.2553981740264529, 0.0, 0.08107952676376351, 0.0009437297214679799, 5.457530523262262e-05, 0.0, 0.0, 0.0, 0.2223627757627641, 0.0, 0.0, 0.0007229722443542118, 5.457530523262262e-05, 0.23814885093553617, 0.0, 0.0, 0.11380203180807619, 0.0, 0.09987768420088919, 0.0, 0.031701516345156604, 0.23061077441021383, 0.24771552668786806, 0.17489043045089941, 0.10791344815701165, 0.0, 0.06826798775151377, 0.0, 0.04347969082320902, 0.25939572911335196, 0.23164786823486733, 0.13658836446062023, 0.4086925868208307, 0.029544500905334295, 0.36976909957383813, 0.3594810004449689, 0.35931104563172067, 0.33749685904968696, 0.11911531138337433, 0.554735738540458, 0.34567984187967943, 0.03622163087615152, 0.3106959463467429, 0.30556545171789457, 0.3079451487901232, 0.3770084066266543, 0.11937895443809164, 0.18534766119503154, 0.1884543472137036, 0.1270928726219114, 0.10292250227639113, 0.09035266194713887, 0.0, 0.24303025044727222, 0.2275373750773731, 0.0, 0.17748959082546026, 0.12824769161832572, 0.09655307982483237, 0.08358126890436304, 0.0, 0.22559852815182663, 0.21446687463880545, 0.0, 0.2139182414541951, 0.13082890534962283, 0.11690087962381622, 0.017775242022491332, 0.0003009349356651911, 0.2500941178409857, 0.0, 0.0, 0.17488952469209246, 0.12615135587657203, 0.10256048354554316, 0.009945944976773612, 0.0003009349356651911, 0.21539515796506228, 0.0, 0.0, 0.23217612795558898, 0.11725606483003041, 0.13961886894668957, 0.10157408392539569, 0.045462476754221263, 0.3007211379239898, 0.2873825325394024, 0.18858809254949815, 0.2224938519966862, 0.11174466708500178, 0.14541446311185569, 0.0, 0.0472388730993244, 0.2507249641985447, 0.29778734848046584, 0.18252023769940035], [0.08047734453892942, 0.0, 0.07132314895386743, 0.07694693145583442, 0.015163957643625619, 0.0544262424439044, 0.002321456421554817, 0.03481616121784545, 0.09056968631149176, 0.0, 0.10605899689999768, 0.061950907403435805, 0.0, 0.10883959388040478, 0.02357864768040408, 0.036791503724833405, 0, 0.23018771592499107, 0.18680461740550197, 0.005909499252448878, 0.00023744888468663734, 0.14975599123737182, 0.0007649165009889979, 0.0002443669077528441, 0.2969106345079343, 0.0, 0.0, 0.00047509656991778174, 0.0, 6.334256315850749e-05, 3.166946783005574e-05, 6.334256315850749e-05, 0.28702872644523786, 0.0, 0.053603602657472715, 0.002170795922523063, 7.057687769468491e-05, 0.0, 0.0, 0.0, 0.3748874143496345, 0.0, 0.0, 5.995626585721018e-06, 7.057687769468491e-05, 0.25971841669254847, 0.0, 0.0, 0.3941983759521224, 0.0, 0.2859535999203089, 0.0, 0.02614898592455452, 0.11807571906029707, 0.19274422234526284, 0.027819518227363175, 0.40916413401266916, 0.0, 0.26447561919547213, 0.0, 0.05693100044581654, 0.31455787267581303, 0.19445954971458201, 0.013519005677590061, 0.09705957034187708, 0.024237448992920536, 0.09523937898927391, 0.09832446904071845, 0.04809114532556773, 0.03904590583883016, 0.004491508574103652, 0.036341118750962034, 0.0724858455734591, 0.025519300019749763, 0.06533700889603777, 0.06324154097468679, 0.03986793725361201, 0.06074659477360675, 0.004806487286519382, 0.0071347492562793486, 0.4029706430806846, 0.17486831368634823, 0.2877570368405503, 0.17683165731337938, 0.0, 0.2678230235339708, 0.307174271789217, 0.0, 0.4741223559593582, 0.21901319983626905, 0.298331188227143, 0.18117666825443343, 0.0, 0.33202959451757685, 0.30765810088753054, 0.0, 0.4133313859588287, 0.1968095972283844, 0.22063408316657912, 0.04937850981677521, 2.4691089681242533e-05, 0.32188213234360696, 0.0, 0.0, 0.4355779030912011, 0.21346282492938545, 0.2454403825559707, 0.04968368622356702, 2.4691089681242533e-05, 0.3864232971696039, 0.0, 0.0, 0.34750628258118293, 0.18750234847172156, 0.2613921268189378, 0.1392139283902279, 0.056645073493363396, 0.230980529573645, 0.17094142674707133, 0.013401948463779022, 0.35280448902170963, 0.17971544438646897, 0.2718027519956131, 0.0, 0.09065280243830381, 0.0979307539007786, 0.18953527829262873, 0.009239042379592086], [0.1247879162629223, 0.0, 0.1483998477992251, 0.146374162352887, 0.06248983254492687, 0.13704817763192514, 0.02017589134230674, 0.09087962421930743, 0.18438877769982112, 0.0, 0.17690924342444014, 0.10010261158683098, 0.0, 0.16289362898110651, 0.0950225688153011, 0.11976076071124811, 0.23018771592499107, 0, 0.5025199083333963, 0.038519413121393044, 9.711059241593232e-05, 0.521001074458667, 0.0009377676410436314, 0.00010855187399139277, 0.12199663768520448, 0.0, 0.0, 0.00019425659259053905, 0.0, 0.0007848874521739007, 0.00016300877757757941, 0.0003260480702360359, 0.4079725635062402, 0.0, 0.15712126302710075, 0.02035114698011334, 6.610115368064603e-05, 0.0, 0.0, 0.0, 0.4206283898860828, 0.0, 0.0, 0.00043029934325177887, 6.610115368064603e-05, 0.4388787705680498, 0.0, 0.0, 0.44968071993776104, 0.0, 0.5529151134672503, 0.0, 0.11703883740693165, 0.40526977359521793, 0.48597981876598, 0.10665222958370657, 0.4445104569549844, 0.0, 0.47525538161625974, 0.0, 0.1859030227776964, 0.5154772743150299, 0.4926982450392009, 0.07445451377695807, 0.24271757130348082, 0.07247919049657256, 0.2637724309429548, 0.30147097578676946, 0.15404852712651868, 0.13503976002703127, 0.05926100097175309, 0.12909877937295214, 0.20546320940961832, 0.08792841407603194, 0.2148163893641673, 0.22174876003858893, 0.149992026992171, 0.17980615111350406, 0.057067587669679336, 0.07712701565266347, 0.5709537360623984, 1.0314131014655983, 0.5924614548398763, 0.5462400728845479, 0.0, 0.5368742268281826, 0.4585085570080195, 0.0, 0.5965079894092251, 1.3570863797605603, 0.5719590123410003, 0.5067856747350947, 0.0, 0.5164107607789097, 0.48178966989095784, 0.0, 0.43403644428326676, 0.6064092596288957, 0.3834835866790954, 0.17746652322943868, 9.711059241593232e-05, 0.46018528705961426, 0.0, 0.0, 0.4228961997825816, 0.651664566499046, 0.3700234208794573, 0.16691489228743292, 9.711059241593232e-05, 0.4866094412268477, 0.0, 0.0, 0.4716614893549127, 1.0295040298256422, 0.5924836052928358, 0.48471086419817555, 0.19017076673604333, 0.47584888387544144, 0.4478701120917531, 0.09763620906719477, 0.46362250420802203, 0.9813688834296865, 0.5774136752910286, 0.0, 0.34597788493320225, 0.32824127527704183, 0.46004169181616694, 0.08783533191181846], [0.06259286059020533, 0.0, 0.08811332118138412, 0.10208377714521714, 0.050208388701792325, 0.0740773035198764, 0.008304276937552755, 0.06541300984211067, 0.12840534099995773, 0.0, 0.12352303189695614, 0.07847651842443676, 0.0, 0.1219206384577354, 0.06652521531061488, 0.07934360094350724, 0.18680461740550197, 0.5025199083333963, 0, 0.11120025921168519, 0.0014591739289793852, 0.7618561041575928, 0.0015473794473161622, 0.00048600125548046134, 0.0949628669492172, 0.0, 0.0, 0.0029218750539989884, 0.0, 0.0009723921958802188, 0.00048600125548046134, 0.0009723921958802188, 0.36408353582232444, 0.0, 0.1829297237771466, 0.028389055257276315, 0.0009723921958802188, 0.0, 0.0, 0.0, 0.380166276652181, 0.0, 0.0, 0.0019463475686527856, 0.0009723921958802188, 0.366847196425499, 0.0, 0.0, 0.616841366805966, 0.0, 1.0169640961757185, 0.0, 0.30643497309985146, 0.5190618149451639, 0.5788876453649686, 0.14174080169413086, 0.6099691439038935, 0.0, 0.7730171818683446, 0.0, 0.4307215143562062, 0.6668924705787843, 0.6129575589844315, 0.0776540940602809, 0.16767733571332108, 0.05458499617610796, 0.17425959763598928, 0.19474936727095513, 0.1015033027250321, 0.09078053638147524, 0.026569027835273283, 0.07031475568998145, 0.12293415024050629, 0.05209374370542172, 0.13367243840053566, 0.1365061499736301, 0.07714756666541947, 0.1184087970635701, 0.022098892392055168, 0.03736228108628218, 0.7099689819646963, 0.4409924251095986, 1.0866154551999034, 0.9387598230456827, 0.0, 0.6874764395109696, 0.5647658055201134, 0.0, 0.7773868097490231, 0.510069807633431, 1.0831407917338238, 0.9063661930012361, 0.0, 0.7327903186252785, 0.6210799132022751, 0.0, 0.5810515564742517, 0.31782621633915265, 0.6468502999462517, 0.3246640948867547, 0.0008521541051051455, 0.5337934102367413, 0.0, 0.0, 0.5866136462239672, 0.3537944579650145, 0.690523923382583, 0.323094099510781, 0.0008521541051051455, 0.6309540281353667, 0.0, 0.0, 0.6025804594634837, 0.4660802705367803, 0.9005959023498399, 0.8494318982949312, 0.405088488913969, 0.544447523368168, 0.5053438445091091, 0.07870623492264874, 0.5763308496667943, 0.45806538499430643,