{"FC": [0.09114697992175946, 0.0281224447344664, 0.03903283627515212, 0.019986694325474327, 0.0267132507483719, 0.0336074486739148, 0.021329649527015666, 0.001972439951080542, 0.006202571136532892, 0.0037950693540272926, 0.00011288883965560395, 0.021037543937884165, 0.013196732968969251, 0.017981907462656502, 0.015531241218861309, 0.00029208090687056574, 0.00350108410935169, 2.2312622213175757e-05, 0.0004729360841548031, 0.00956546810081679], "FF": [[0, 0.006090248228840921, 0.04627306814226467, 0.0671997796692837, 0.03101418802345101, 0.0734816938641329, 0.0315871121001791, 0.002583734643808618, 0.007887712407806707, 0.016345648776537228, 0.01101768434528876, 0.014259807464748284, 0.03717874652765025, 0.00866920209759376, 0.012643585465191835, 0.010024461837641226, 0.01145050704576473, 0.005801998106892945, 0.006106534237317746, 0.009170944541370518], [0.006090248228840921, 0, 0.029525342006007947, 0.0682966908421031, 0.21413715778225717, 0.008014770294581301, 0.005642637015468309, 0.03509782646742571, 0.004082191680919247, 0.009856750865073, 0.0001793647900397372, 0.05107157862340118, 0.02176629481308915, 0.013319353351748164, 0.00895929499826333, 0.007576446800526528, 0.03403266748378879, 0.007354986359454144, 0.03478222283558136, 0.025517718588254548], [0.04627306814226467, 0.029525342006007947, 0, 0.09572435854244005, 0.05255635808949257, 0.023412970426455598, 0.0421482751291712, 0.0040309656806545285, 0.02550358941697318, 0.024083127133344942, 0.010527797321297577, 0.020391359087929963, 0.05157555171439191, 0.05969203600180238, 0.014726216865945135, 0.3430183707233254, 0.013022684974535424, 0.006667540732808279, 0.005581833745201159, 0.006819648448532469], [0.0671997796692837, 0.0682966908421031, 0.09572435854244005, 0, 0.16162277522046667, 0.04646855024638265, 0.06580421903810355, 0.012141008307466228, 0.06360384502814304, 0.03483348309307815, 0.009667595645367393, 0.10178900965733349, 0.08195845600978878, 0.02855218186231235, 0.06926804280180122, 0.023279603625881023, 0.08516638363023328, 0.03121074029583601, 0.04039435479273841, 0.018673956615438785], [0.03101418802345101, 0.21413715778225717, 0.05255635808949257, 0.16162277522046667, 0, 0.04039606475056889, 0.025511523500640187, 0.014022615369750732, 0.048992492442542626, 0.017189385001811, 0.006732721338707866, 0.09314476753304551, 0.04589988727289608, 0.011059092505059253, 0.03882509744768141, 0.014942023624795598, 0.07750397852175794, 0.005147526792060646, 0.057992534450289644, 0.014926802345904808], [0.0734816938641329, 0.008014770294581301, 0.023412970426455598, 0.04646855024638265, 0.04039606475056889, 0, 0.02538260359278456, 0.0011505618988187777, 0.010763006934367828, 0.018373952986058803, 0.007482013682088253, 0.015983198003418558, 0.03396821802935752, 0.0023056037037544855, 0.004571534461885792, 0.00846220368319106, 0.011714312374908522, 0.0008019640917069993, 0.00542369476306187, 0.0024903986108680345], [0.0315871121001791, 0.005642637015468309, 0.0421482751291712, 0.06580421903810355, 0.025511523500640187, 0.02538260359278456, 0, 0.015595151225613455, 0.0518771842907621, 0.014672501378982544, 0.05250271097595087, 0.04649877176435024, 0.14862585728159536, 0.011005889422723054, 0.0473044687017041, 0.021918208208430025, 0.12055786779901279, 0.006546884398099065, 0.012236172256814982, 0.008698576077969662], [0.002583734643808618, 0.03509782646742571, 0.0040309656806545285, 0.012141008307466228, 0.014022615369750732, 0.0011505618988187777, 0.015595151225613455, 0, 0.015031535031215114, 0.002806314103363605, 0.004651111454111921, 0.008182417167264453, 0.009951854326463097, 0.00179858958509965, 0.003312983969777571, 0.0018001190359574828, 0.004894395125859757, 0.0044124205357398, 0.00021945240472251177, 0.004210618553039692], [0.007887712407806707, 0.004082191680919247, 0.02550358941697318, 0.06360384502814304, 0.048992492442542626, 0.010763006934367828, 0.0518771842907621, 0.015031535031215114, 0, 0.013657034328615479, 0.014041238368834738, 0.03778078859883684, 0.09114607111515349, 0.003956747206604743, 0.0688221057499202, 0.008123375252756335, 0.012832491065838073, 0.0682597602144897, 0.004527685473305288, 0.006973986764559368], [0.016345648776537228, 0.009856750865073, 0.024083127133344942, 0.03483348309307815, 0.017189385001811, 0.018373952986058803, 0.014672501378982544, 0.002806314103363605, 0.013657034328615479, 0, 3.501041542836752e-05, 0.03224776109258653, 0.010054308222879824, 0.0024963897371359086, 0.005356723328430732, 0.0015574368633468772, 0.016258786568885165, 0.0024961368936127935, 0.008205124763163778, 0.010031204062936588], [0.01101768434528876, 0.0001793647900397372, 0.010527797321297577, 0.009667595645367393, 0.006732721338707866, 0.007482013682088253, 0.05250271097595087, 0.004651111454111921, 0.014041238368834738, 3.501041542836752e-05, 0, 0.005038069437489197, 0.02035038331621177, 0.0006356826477808327, 0.017162631373736217, 0.003866776962249281, 0.00498572856333461, 0.002234426917239676, 0.004723174494734059, 0.00016655251818567963], [0.014259807464748284, 0.05107157862340118, 0.020391359087929963, 0.10178900965733349, 0.09314476753304551, 0.015983198003418558, 0.04649877176435024, 0.008182417167264453, 0.03778078859883684, 0.03224776109258653, 0.005038069437489197, 0, 0.05483838522858253, 0.012469856324882168, 0.32730189930393594, 0.0013252988314302354, 0.07999577982601619, 0.008800214206129569, 0.029686438026110283, 0.013750861805653321], [0.03717874652765025, 0.02176629481308915, 0.05157555171439191, 0.08195845600978878, 0.04589988727289608, 0.03396821802935752, 0.14862585728159536, 0.009951854326463097, 0.09114607111515349, 0.010054308222879824, 0.02035038331621177, 0.05483838522858253, 0, 0.0064905108212966085, 0.11254839745330776, 0.02013604750760191, 0.06120670959663033, 0.05981428447163546, 0.026255610419437286, 0.006380613049129647], [0.00866920209759376, 0.013319353351748164, 0.05969203600180238, 0.02855218186231235, 0.011059092505059253, 0.0023056037037544855, 0.011005889422723054, 0.00179858958509965, 0.003956747206604743, 0.0024963897371359086, 0.0006356826477808327, 0.012469856324882168, 0.0064905108212966085, 0, 0.012227216155604237, 0.0004323486336562316, 0.009167380658190071, 0.004453793436352429, 0.000544926372538744, 0.0033102034358566423], [0.012643585465191835, 0.00895929499826333, 0.014726216865945135, 0.06926804280180122, 0.03882509744768141, 0.004571534461885792, 0.0473044687017041, 0.003312983969777571, 0.0688221057499202, 0.005356723328430732, 0.017162631373736217, 0.32730189930393594, 0.11254839745330776, 0.012227216155604237, 0, 0.003710335285713952, 0.03067420440728424, 0.012554672864709213, 0.014984441495661392, 0.0080725882570936], [0.010024461837641226, 0.007576446800526528, 0.3430183707233254, 0.023279603625881023, 0.014942023624795598, 0.00846220368319106, 0.021918208208430025, 0.0018001190359574828, 0.008123375252756335, 0.0015574368633468772, 0.003866776962249281, 0.0013252988314302354, 0.02013604750760191, 0.0004323486336562316, 0.003710335285713952, 0, 0.0011567457693367378, 0.0043713579172694715, 0.004928379096480105, 0.0003356247008552923], [0.01145050704576473, 0.03403266748378879, 0.013022684974535424, 0.08516638363023328, 0.07750397852175794, 0.011714312374908522, 0.12055786779901279, 0.004894395125859757, 0.012832491065838073, 0.016258786568885165, 0.00498572856333461, 0.07999577982601619, 0.06120670959663033, 0.009167380658190071, 0.03067420440728424, 0.0011567457693367378, 0, 0.01394532698682422, 0.12449214559612458, 0.011895022092958805], [0.005801998106892945, 0.007354986359454144, 0.006667540732808279, 0.03121074029583601, 0.005147526792060646, 0.0008019640917069993, 0.006546884398099065, 0.0044124205357398, 0.0682597602144897, 0.0024961368936127935, 0.002234426917239676, 0.008800214206129569, 0.05981428447163546, 0.004453793436352429, 0.012554672864709213, 0.0043713579172694715, 0.01394532698682422, 0, 0.00017329739525643283, 0.0030938137870214653], [0.006106534237317746, 0.03478222283558136, 0.005581833745201159, 0.04039435479273841, 0.057992534450289644, 0.00542369476306187, 0.012236172256814982, 0.00021945240472251177, 0.004527685473305288, 0.008205124763163778, 0.004723174494734059, 0.029686438026110283, 0.026255610419437286, 0.000544926372538744, 0.014984441495661392, 0.004928379096480105, 0.12449214559612458, 0.00017329739525643283, 0, 0.013141091501679528], [0.009170944541370518, 0.025517718588254548, 0.006819648448532469, 0.018673956615438785, 0.014926802345904808, 0.0024903986108680345, 0.008698576077969662, 0.004210618553039692, 0.006973986764559368, 0.010031204062936588, 0.00016655251818567963, 0.013750861805653321, 0.006380613049129647, 0.0033102034358566423, 0.0080725882570936, 0.0003356247008552923, 0.011895022092958805, 0.0030938137870214653, 0.013141091501679528, 0]]}