{"FC": [0.19619000841055922, 0.0, 0.31267824734889904, 0.2417009677449659, 0.3441629698821816, 0.199701034940083, 0.2599235278948039, 0.20946959292571177, 0.15346270938481404, 0.11800951457476153, 0.10295137230868852, 0.15560278827237944, 0.15304424829030688, 0.16360808244330355, 0.13387301383297032, 0.22790294847157966, 0.11465059076761076, 0.17407008868792007, 0.10820909768468337, 0.11784237964729916, 0.13001919950820576, 0.10215084992644971, 0.17778156365904985, 0.16186093124264028, 0.1911861309744126, 0.11387569500059988, 0.1690597245533069, 0.17282320998324835, 0.20533539824737648, 0.10590924592920456, 0.24805714212871083, 0.1289181420186259, 0.2545568652681347, 0.14021521434972894], "FF": [[0, 0.0, 0.12828634410012302, 0.17606932305779066, 0.09214158749171636, 0.1398094342528303, 0.07801480348162348, 0.11230704647845509, 0.10639301423265998, 0.05722838391088715, 0.11852929556879276, 0.12163184126476223, 0.0682690935667518, 0.1715977517239504, 0.09418123007100059, 0.12410944372098744, 0.09501163954433908, 0.16013797530971394, 0.1531449825105069, 0.12633730220882175, 0.10114685556722579, 0.12843338088401376, 0.1104085257401439, 0.12457140471423522, 0.12336936759420433, 0.14683731108326328, 0.14406752797605904, 0.2016870396765661, 0.11336618546195387, 0.14000173866205046, 0.13914067199076904, 0.13101696898845633, 0.135460651584135, 0.13340105117760565], [0.0, 0, 0.0, 0.0, 0.0, 0.0, 0.0, 0.0, 0.0, 0.0, 0.0, 0.0, 0.0, 0.0, 0.0, 0.0, 0.0, 0.0, 0.0, 0.0, 0.0, 0.0, 0.0, 0.0, 0.0, 0.0, 0.0, 0.0, 0.0, 0.0, 0.0, 0.0, 0.0, 0.0], [0.12828634410012302, 0.0, 0, 0.3355411852616743, 0.37435541118438764, 0.12729503789736854, 0.19524954296057073, 0.1831088676960991, 0.31868983780921994, 0.15739602677708453, 0.3679563376431835, 0.17867813722503945, 0.2180553035444487, 0.1531314710339249, 0.26355490087007283, 0.17482334522728596, 0.26922016212194144, 0.2273650016565077, 0.31600516714930366, 0.22571611655998589, 0.24534148386777396, 0.24535194213440195, 0.2620122626610366, 0.20454415027746445, 0.38252487209682795, 0.2470933219960819, 0.2619151451283072, 0.18584513720472406, 0.39729179281001636, 0.22410128614872044, 0.26307682536984434, 0.14602792301066145, 0.27234744754069246, 0.19680746912628966], [0.17606932305779066, 0.0, 0.3355411852616743, 0, 0.28264943695857875, 0.6688107289378026, 0.15657283442243733, 0.6661204595672916, 0.26134317946939745, 0.42980547197067787, 0.4418309360151356, 0.6646732318215319, 0.44711051152588926, 0.47530484846813575, 0.43233155978017856, 0.4702436507202714, 0.4914838349039629, 0.43975730795758383, 0.5480414445014304, 0.4234576322854237, 0.40589145160630263, 0.43403181279753394, 0.39424856996261254, 0.41960207802280086, 0.44978043229315584, 0.49432081127871025, 0.4575846092600336, 0.48204942994526795, 0.40109623130709027, 0.5335096132779926, 0.3880522520417674, 0.4022391353434167, 0.29384001514048236, 0.3610810501367754], [0.09214158749171636, 0.0, 0.37435541118438764, 0.28264943695857875, 0, 0.3704106538093718, 0.3505204716423592, 0.24981424785565773, 0.3007903025495464, 0.15510044140783852, 0.49918281913277185, 0.2272482377476852, 0.5543834319456555, 0.31405298725769215, 0.4984680645763156, 0.2934420120269326, 0.3444672621741278, 0.20658626047425288, 0.39854369898177333, 0.24296329018585583, 0.4779555889098122, 0.2873781161202371, 0.5548209162725979, 0.25492340178823003, 0.33500426015694507, 0.21254490803393203, 0.33057646910816013, 0.265008820298373, 0.3175406600403899, 0.21638197904470696, 0.5688047075825207, 0.2203276542316974, 0.46449379286493814, 0.22858910231393542], [0.1398094342528303, 0.0, 0.12729503789736854, 0.6688107289378026, 0.3704106538093718, 0, 0.1556263370070963, 0.7799251885632863, 0.18522259948488676, 0.4142220707319487, 0.45316940016162827, 0.5858066920542296, 0.466633019798811, 0.6060879567518777, 0.43375294399116504, 0.6009832069421868, 0.4711605829289585, 0.42605549974081525, 0.4496979948763949, 0.39979252450206065, 0.44721136948585316, 0.46644468142657647, 0.4531235462309275, 0.5278205764676194, 0.4127033816875541, 0.36881157285759325, 0.5041828248183783, 0.42602250759988464, 0.3755342490163392, 0.39292705261588234, 0.44671920349695377, 0.5323075746217368, 0.4562002998479503, 0.5001049313930286], [0.07801480348162348, 0.0, 0.19524954296057073, 0.15657283442243733, 0.3505204716423592, 0.1556263370070963, 0, 0.23834250213131475, 0.15145571306819042, 0.08731358787225696, 0.13383713931659363, 0.1316483570794553, 0.2883333530818489, 0.11933995551403534, 0.2671613098733822, 0.16898203787287172, 0.12872463427254396, 0.11134659105132896, 0.1919133724623422, 0.1400267263517576, 0.3945222794391674, 0.2072302080079369, 0.18400508758126516, 0.10887799362589243, 0.22058625682371083, 0.1062719747363021, 0.1472886923900425, 0.1811964180618116, 0.18354546678824757, 0.10390647289724268, 0.348154016148787, 0.12349152212822104, 0.48453273859356094, 0.20833293201969294], [0.11230704647845509, 0.0, 0.1831088676960991, 0.6661204595672916, 0.24981424785565773, 0.7799251885632863, 0.23834250213131475, 0, 0.24874915712840295, 0.5400005209290613, 0.40827201166100024, 0.6597088347120602, 0.4620907813770713, 0.6349141056174671, 0.45564441340224243, 0.8240528747884599, 0.496737566063033, 0.4978800116567691, 0.5320918468074703, 0.5890343657208296, 0.48316529630484706, 0.7143151804534111, 0.4715363037337603, 0.52209823894939, 0.4208880977981954, 0.5465709696130358, 0.5085119000895509, 0.5055229244841621, 0.4069702502089036, 0.45083048472212606, 0.4318283260343101, 0.5020302813305092, 0.4396602028248192, 0.7398088191902363], [0.10639301423265998, 0.0, 0.31868983780921994, 0.26134317946939745, 0.3007903025495464, 0.18522259948488676, 0.15145571306819042, 0.24874915712840295, 0, 0.25245675468070344, 0.57367755800613, 0.17325356750601845, 0.4814934844098425, 0.17815781669767017, 0.4605901369971838, 0.21262997411625423, 0.45208971726644565, 0.2711215331823635, 0.48350049683219254, 0.2709418510384512, 0.34853181553328844, 0.3207451611502407, 0.31737211869744186, 0.25561221872093925, 0.381824640175373, 0.21817098709515179, 0.3416040814754203, 0.18825041356862665, 0.3438235184890618, 0.1715476361563323, 0.3029766770490047, 0.16068391273533017, 0.2762422556881982, 0.2249892380843475], [0.05722838391088715, 0.0, 0.15739602677708453, 0.42980547197067787, 0.15510044140783852, 0.4142220707319487, 0.08731358787225696, 0.5400005209290613, 0.25245675468070344, 0, 0.2495243423157033, 0.6079449973463407, 0.2878594525515816, 0.528109024668081, 0.35003186582319296, 0.5112143169678903, 0.33557546087545514, 0.38648940175317603, 0.3871415466924247, 0.573717394696338, 0.33069432584324004, 0.5650903315657074, 0.3473934757683284, 0.4787794164852729, 0.3054453047091914, 0.38839695959256254, 0.39564255113177965, 0.4266852307170731, 0.30161762032223116, 0.38204389880640843, 0.2909407159150823, 0.2887963607453067, 0.2777261705460466, 0.36018137092606084], [0.11852929556879276, 0.0, 0.3679563376431835, 0.4418309360151356, 0.49918281913277185, 0.45316940016162827, 0.13383713931659363, 0.40827201166100024, 0.57367755800613, 0.2495243423157033, 0, 0.35432159742224534, 0.8674166705369137, 0.35477227096227637, 0.9123510402402708, 0.37105581590915915, 0.931255295735905, 0.328125727915164, 0.7952455869993097, 0.31109370456527335, 0.690911593184117, 0.4855900335466355, 0.7002439661159637, 0.37847417834403857, 0.7040486842492393, 0.3179429358787081, 0.6338238675346382, 0.3547088648733375, 0.6993531569300186, 0.3691831445467175, 0.563090333057319, 0.29208327444072707, 0.5548150317771587, 0.3017018055573246], [0.12163184126476223, 0.0, 0.17867813722503945, 0.6646732318215319, 0.2272482377476852, 0.5858066920542296, 0.1316483570794553, 0.6597088347120602, 0.17325356750601845, 0.6079449973463407, 0.35432159742224534, 0, 0.27409299445706164, 0.7532886402201268, 0.32682539813652006, 0.683251952835968, 0.37899608640285426, 0.6376640162251762, 0.47866740237927907, 0.5868057271122352, 0.4540990884168626, 0.507521367188562, 0.4589179161083121, 0.5986987213738914, 0.4666155638673657, 0.5972965404372694, 0.4586849952528357, 0.5855220759072364, 0.31307899104616477, 0.6068471330667846, 0.4034610584409455, 0.4427523567106109, 0.3989550039971716, 0.44818253288030824], [0.0682690935667518, 0.0, 0.2180553035444487, 0.44711051152588926, 0.5543834319456555, 0.466633019798811, 0.2883333530818489, 0.4620907813770713, 0.4814934844098425, 0.2878594525515816, 0.8674166705369137, 0.27409299445706164, 0, 0.3961528411723233, 1.2268112236713127, 0.38596009378258694, 0.7893804893172189, 0.2915824219225672, 0.7535107700298325, 0.37844467802457693, 0.9615066075099485, 0.4688513122630635, 0.8470958993860997, 0.41921625333373685, 0.6580606245657812, 0.334553443963019, 0.6535410807379156, 0.3621771760031903, 0.5552734153236298, 0.3237349448691, 0.6393378831610712, 0.34213066957973615, 0.7590121419001356, 0.3473057129241693], [0.1715977517239504, 0.0, 0.1531314710339249, 0.47530484846813575, 0.31405298725769215, 0.6060879567518777, 0.11933995551403534, 0.6349141056174671, 0.17815781669767017, 0.528109024668081, 0.35477227096227637, 0.7532886402201268, 0.3961528411723233, 0, 0.3330700785458936, 0.9733934633093069, 0.33683284233950495, 0.5883636045924575, 0.48100595701989074, 0.6991248172716645, 0.4906712530782255, 0.8777951361619577, 0.4980972313991576, 0.7552085432859955, 0.4267128432736578, 0.47665928634964017, 0.5245381276650597, 0.6615369916436965, 0.36465135978697, 0.6040672867312165, 0.5220826138694582, 0.675542594792628, 0.41635015842158923, 0.4938629153919015], [0.09418123007100059, 0.0, 0.26355490087007283, 0.43233155978017856, 0.4984680645763156, 0.43375294399116504, 0.2671613098733822, 0.45564441340224243, 0.4605901369971838, 0.35003186582319296, 0.9123510402402708, 0.32682539813652006, 1.2268112236713127, 0.3330700785458936, 0, 0.4565887652585325, 0.8218832185546883, 0.26460391235207786, 0.9138359793616929, 0.3636800786300578, 0.8673966696132323, 0.43678744505934863, 0.8184070171475906, 0.3685080408037588, 0.7709903524482231, 0.3769068631724602, 0.7373516011396286, 0.33833091880227645, 0.6911032290179027, 0.32925429998239325, 0.7569115755648581, 0.31632725248784255, 0.6954185556055491, 0.3495888473890081], [0.12410944372098744, 0.0, 0.17482334522728596, 0.4702436507202714, 0.2934420120269326, 0.6009832069421868, 0.16898203787287172, 0.8240528747884599, 0.21262997411625423, 0.5112143169678903, 0.37105581590915915, 0.683251952835968, 0.38596009378258694, 0.9733934633093069, 0.4565887652585325, 0, 0.35451394679016945, 0.7097655799934315, 0.40210625933610133, 0.698147797417907, 0.4727781741774643, 0.7484339805241444, 0.5405369398718822, 0.6782414112195476, 0.4583178168355652, 0.5719105668022066, 0.5788525975780182, 0.61564445770881, 0.4230012500332386, 0.4881085990223993, 0.46222495583611894, 0.5414466274428509, 0.5584540061619367, 0.6384217443440748], [0.09501163954433908, 0.0, 0.26922016212194144, 0.4914838349039629, 0.3444672621741278, 0.4711605829289585, 0.12872463427254396, 0.496737566063033, 0.45208971726644565, 0.33557546087545514, 0.931255295735905, 0.37899608640285426, 0.7893804893172189, 0.33683284233950495, 0.8218832185546883, 0.35451394679016945, 0, 0.37167745964959525, 0.9404717110240444, 0.2776665535982643, 0.766914123914646, 0.36767787008715636, 0.7221550624813093, 0.30562729723524507, 0.7090104188404167, 0.4650602170574554, 0.6560882663565694, 0.3397761711157829, 0.6959858393873565, 0.3407856431605494, 0.6416462840019188, 0.30544527501530844, 0.47150361359636594, 0.24609196893845897], [0.16013797530971394, 0.0, 0.2273650016565077, 0.43975730795758383, 0.20658626047425288, 0.42605549974081525, 0.11134659105132896, 0.4978800116567691, 0.2711215331823635, 0.38648940175317603, 0.328125727915164, 0.6376640162251762, 0.2915824219225672, 0.5883636045924575, 0.26460391235207786, 0.7097655799934315, 0.37167745964959525, 0, 0.30138234580825424, 0.8705125863989884, 0.301725876573928, 0.6859974996361972, 0.41649589361458966, 0.5733809095309689, 0.43693223676295795, 0.7479445939768969, 0.5126541017035537, 0.5500533887560183, 0.39746308994914126, 0.5390812502538431, 0.4829907935287747, 0.4962153753807373, 0.46914112088299476, 0.4407636917095046], [0.1531449825105069, 0.0, 0.31600516714930366, 0.5480414445014304, 0.39854369898177333, 0.4496979948763949, 0.1919133724623422, 0.5320918468074703, 0.48350049683219254, 0.3871415466924247, 0.7952455869993097, 0.47866740237927907, 0.7535107700298325, 0.48100595701989074, 0.9138359793616929, 0.40210625933610133, 0.9404717110240444, 0.30138234580825424, 0, 0.33018346606707416, 1.029494489401374, 0.3119881260081129, 0.7917866383743317, 0.34190088359955484, 0.9986298941798581, 0.49445989072581137, 0.8743570428518865, 0.4540299838871867, 0.7098225422020084, 0.3623091010293866, 0.7241540035586616, 0.3209459765072238, 0.8459223515610241, 0.33779079609335144], [0.12633730220882175, 0.0, 0.22571611655998589, 0.4234576322854237, 0.24296329018585583, 0.39979252450206065, 0.1400267263517576, 0.5890343657208296, 0.2709418510384512, 0.573717394696338, 0.31109370456527335, 0.5868057271122352, 0.37844467802457693, 0.6991248172716645, 0.3636800786300578, 0.698147797417907, 0.2776665535982643, 0.8705125863989884, 0.33018346606707416, 0, 0.21778837885116092, 0.9270466880914048, 0.2670912549126152, 0.6796084536622781, 0.36013010308409094, 0.753218653922336, 0.4565705024176445, 0.720553337375987, 0.42411737987783305, 0.7078179606412308, 0.4791313101529865, 0.5395311039563179, 0.4924419838164248, 0.6661635438904165], [0.10114685556722579, 0.0, 0.24534148386777396, 0.40589145160630263, 0.4779555889098122, 0.44721136948585316, 0.3945222794391674, 0.48316529630484706, 0.34853181553328844, 0.33069432584324004, 0.690911593184117, 0.4540990884168626, 0.9615066075099485, 0.4906712530782255, 0.8673966696132323, 0.4727781741774643, 0.766914123914646, 0.301725876573928, 1.029494489401374, 0.21778837885116092, 0, 0.42891578260138896, 1.0239412566131016, 0.3330746075721434, 0.8332800567641363, 0.33965146772877064, 0.7603258644950324, 0.47961025254202233, 0.6323285029238683, 0.3313343050270121, 0.6544664973814167, 0.3646042059221367, 0.8926161229773912, 0.3657122853536852], [0.12843338088401376, 0.0, 0.24535194213440195, 0.43403181279753394, 0.2873781161202371, 0.46644468142657647, 0.2072302080079369, 0.7143151804534111, 0.3207451611502407, 0.5650903315657074, 0.4855900335466355, 0.507521367188562, 0.4688513122630635, 0.8777951361619577, 0.43678744505934863, 0.7484339805241444, 0.36767787008715636, 0.6859974996361972, 0.3119881260081129, 0.9270466880914048, 0.42891578260138896, 0, 0.43576085172717155, 1.071325314088514, 0.2970706935549877, 0.7268499021512882, 0.4033933674771912, 0.7926163580707415, 0.39478372250776234, 0.651858290395288, 0.43979679818473844, 0.623035459654694, 0.5274881827796808, 0.7177995034813373], [0.1104085257401439, 0.0, 0.2620122626610366, 0.39424856996261254, 0.5548209162725979, 0.4531235462309275, 0.18400508758126516, 0.4715363037337603, 0.31737211869744186, 0.3473934757683284, 0.7002439661159637, 0.4589179161083121, 0.8470958993860997, 0.4980972313991576, 0.8184070171475906, 0.5405369398718822, 0.7221550624813093, 0.41649589361458966, 0.7917866383743317, 0.2670912549126152, 1.0239412566131016, 0.43576085172717155, 0, 0.4291307566842754, 1.0191600701219294, 0.34046452825084117, 1.0582796063856914, 0.3310225116802714, 0.8521186972856731, 0.33592470449920325, 0.7354984848492006, 0.33129491729601535, 0.7664581779734668, 0.4021146874180915], [0.12457140471423522, 0.0, 0.20454415027746445, 0.41960207802280086, 0.25492340178823003, 0.5278205764676194, 0.10887799362589243, 0.52209823894939, 0.25561221872093925, 0.4787794164852729, 0.37847417834403857, 0.5986987213738914, 0.41921625333373685, 0.7552085432859955, 0.3685080408037588, 0.6782414112195476, 0.30562729723524507, 0.5733809095309689, 0.34190088359955484, 0.6796084536622781, 0.3330746075721434, 1.071325314088514, 0.4291307566842754, 0, 0.3135615454769608, 0.7980300642504753, 0.3718680409444826, 0.778576491814613, 0.33782736124371204, 0.6495901666875314, 0.3945324097850193, 0.6221791584947421, 0.42417113350766583, 0.5653952066070392], [0.12336936759420433, 0.0, 0.38252487209682795, 0.44978043229315584, 0.33500426015694507, 0.4127033816875541, 0.22058625682371083, 0.4208880977981954, 0.381824640175373, 0.3054453047091914, 0.7040486842492393, 0.4666155638673657, 0.6580606245657812, 0.4267128432736578, 0.7709903524482231, 0.4583178168355652, 0.7090104188404167, 0.43693223676295795, 0.9986298941798581, 0.36013010308409094, 0.8332800567641363, 0.2970706935549877, 1.0191600701219294, 0.3135615454769608, 0, 0.4415851011822735, 1.2045836154932945, 0.38201021079305714, 1.082596725319897, 0.3146593637668499, 0.7948439640484963, 0.30535166575576644, 0.7194595486167706, 0.40568324650441906], [0.14683731108326328, 0.0, 0.2470933219960819, 0.49432081127871025, 0.21254490803393203, 0.36881157285759325, 0.1062719747363021, 0.5465709696130358, 0.21817098709515179, 0.38839695959256254, 0.3179429358787081, 0.5972965404372694, 0.334553443963019, 0.47665928634964017, 0.3769068631724602, 0.5719105668022066, 0.4650602170574554, 0.7479445939768969, 0.49445989072581137, 0.753218653922336, 0.33965146772877064, 0.7268499021512882, 0.34046452825084117, 0.7980300642504753, 0.4415851011822735, 0, 0.3711910729365648, 1.0426224516307077, 0.3173832925863744, 0.8793685581946264, 0.3533207698937757, 0.7032829081958132, 0.33794917496375604, 0.6684119086881591], [0.14406752797605904, 0.0, 0.2619151451283072, 0.4575846092600336, 0.33057646910816013, 0.5041828248183783, 0.1472886923900425, 0.5085119000895509, 0.3416040814754203, 0.39564255113177965, 0.6338238675346382, 0.4586849952528357, 0.6535410807379156, 0.5245381276650597, 0.7373516011396286, 0.5788525975780182, 0.6560882663565694, 0.5126541017035537, 0.8743570428518865, 0.4565705024176445, 0.7603258644950324, 0.4033933674771912, 1.0582796063856914, 0.3718680409444826, 1.2045836154932945, 0.3711910729365648, 0, 0.366753953968595, 1.0821799932751948, 0.346977462122878, 0.8989437718830786, 0.324533171538317, 0.9472247739009221, 0.4525663233663998], [0.2016870396765661, 0.0, 0.18584513720472406, 0.48204942994526795, 0.265008820298373, 0.42602250759988464, 0.1811964180618116, 0.5055229244841621, 0.18825041356862665, 0.4266852307170731, 0.3547088648733375, 0.5855220759072364, 0.3621771760031903, 0.6615369916436965, 0.33833091880227645, 0.61564445770881, 0.3397761711157829, 0.5500533887560183, 0.4540299838871867, 0.720553337375987, 0.47961025254202233, 0.7926163580707415, 0.3310225116802714, 0.778576491814613, 0.38201021079305714, 1.0426224516307077, 0.366753953968595, 0, 0.3129820732431111, 0.9984927335973162, 0.3712336794740245, 0.9350585204217542, 0.45164587942047213, 0.817044984236552], [0.11336618546195387, 0.0, 0.39729179281001636, 0.40109623130709027, 0.3175406600403899, 0.3755342490163392, 0.18354546678824757, 0.4069702502089036, 0.3438235184890618, 0.30161762032223116, 0.6993531569300186, 0.31307899104616477, 0.5552734153236298, 0.36465135978697, 0.6911032290179027, 0.4230012500332386, 0.6959858393873565, 0.39746308994914126, 0.7098225422020084, 0.42411737987783305, 0.6323285029238683, 0.39478372250776234, 0.8521186972856731, 0.33782736124371204, 1.082596725319897, 0.3173832925863744, 1.0821799932751948, 0.3129820732431111, 0, 0.36266974755225184, 0.9978012417783765, 0.2245581593812877, 0.8722932107083462, 0.27588469174886193], [0.14000173866205046, 0.0, 0.22410128614872044, 0.5335096132779926, 0.21638197904470696, 0.39292705261588234, 0.10390647289724268, 0.45083048472212606, 0.1715476361563323, 0.38204389880640843, 0.3691831445467175, 0.6068471330667846, 0.3237349448691, 0.6040672867312165, 0.32925429998239325, 0.4881085990223993, 0.3407856431605494, 0.5390812502538431, 0.3623091010293866, 0.7078179606412308, 0.3313343050270121, 0.651858290395288, 0.33592470449920325, 0.6495901666875314, 0.3146593637668499, 0.8793685581946264, 0.346977462122878, 0.9984927335973162, 0.36266974755225184, 0, 0.32784936618000426, 0.78659772794766, 0.3298145462056829, 0.7663910620878829], [0.13914067199076904, 0.0, 0.26307682536984434, 0.3880522520417674, 0.5688047075825207, 0.44671920349695377, 0.348154016148787, 0.4318283260343101, 0.3029766770490047, 0.2909407159150823, 0.563090333057319, 0.4034610584409455, 0.6393378831610712, 0.5220826138694582, 0.7569115755648581, 0.46222495583611894, 0.6416462840019188, 0.4829907935287747, 0.7241540035586616, 0.4791313101529865, 0.6544664973814167, 0.43979679818473844, 0.7354984848492006, 0.3945324097850193, 0.7948439640484963, 0.3533207698937757, 0.8989437718830786, 0.3712336794740245, 0.9978012417783765, 0.32784936618000426, 0, 0.4022397899565761, 1.1851238864150602, 0.30527969566125035], [0.13101696898845633, 0.0, 0.14602792301066145, 0.4022391353434167, 0.2203276542316974, 0.5323075746217368, 0.12349152212822104, 0.5020302813305092, 0.16068391273533017, 0.2887963607453067, 0.29208327444072707, 0.4427523567106109, 0.34213066957973615, 0.675542594792628, 0.31632725248784255, 0.5414466274428509, 0.30544527501530844, 0.4962153753807373, 0.3209459765072238, 0.5395311039563179, 0.3646042059221367, 0.623035459654694, 0.33129491729601535, 0.6221791584947421, 0.30535166575576644, 0.7032829081958132, 0.324533171538317, 0.9350585204217542, 0.2245581593812877, 0.78659772794766, 0.4022397899565761, 0, 0.3195300659530951, 1.096624498933948], [0.135460651584135, 0.0, 0.27234744754069246, 0.29384001514048236, 0.46449379286493814, 0.4562002998479503, 0.48453273859356094, 0.4396602028248192, 0.2762422556881982, 0.2777261705460466, 0.5548150317771587, 0.3989550039971716, 0.7590121419001356, 0.41635015842158923, 0.6954185556055491, 0.5584540061619367, 0.47150361359636594, 0.46914112088299476, 0.8459223515610241, 0.4924419838164248, 0.8926161229773912, 0.5274881827796808, 0.7664581779734668, 0.42417113350766583, 0.7194595486167706, 0.33794917496375604, 0.9472247739009221, 0.45164587942047213, 0.8722932107083462, 0.3298145462056829, 1.1851238864150602, 0.3195300659530951, 0, 0.44297271561826257], [0.13340105117760565, 0.0, 0.19680746912628966, 0.3610810501367754, 0.22858910231393542, 0.5001049313930286, 0.20833293201969294, 0.7398088191902363, 0.2249892380843475, 0.36018137092606084, 0.3017018055573246, 0.44818253288030824, 0.3473057129241693, 0.4938629153919015, 0.3495888473890081, 0.6384217443440748, 0.24609196893845897, 0.4407636917095046, 0.33779079609335144, 0.6661635438904165, 0.3657122853536852, 0.7177995034813373, 0.4021146874180915, 0.5653952066070392, 0.40568324650441906, 0.6684119086881591, 0.4525663233663998, 0.817044984236552, 0.27588469174886193, 0.7663910620878829, 0.30527969566125035, 1.096624498933948, 0.44297271561826257, 0]]}