{"FC": [0.9898971218557914, 1.1361558145691881, 0.9921151128565711, 0.9399480267400845, 0.9886581259565626, 1.1123929126271823, 1.022045752484452, 1.0684421855931645, 1.0619788345994312, 1.1542401179059276, 1.0526931782155817, 1.136882526757399, 1.0379336009800921, 1.1357878946524824, 0.9237859213595689, 1.0948521417737005, 0.888047416850437, 1.105974347084628, 0.8318524387434827, 0.8695531259707501, 0.5122635843840097, 0.9937505516348214, 0.5529889127120158, 1.0199173582621186, 0.6299691089835312, 0.43973413385630417, 0.6888966571870604, 0.7952362982789056, 0.7384362453132354, 0.7864579433476864, 0.623762921432717, 0.9570034657970703, 0.6670384257139543, 0.6938118707152352, 0.6796968587460736, 0.6281703361558145, 0.6140114429663348, 0.9010503232629761, 0.5869644883266469, 0.7691755179442004, 0.5859239481870355, 0.7623814314776802, 0.5898293624551433, 0.7907250685832122, 0.6387383982745038, 0.7647818190629696, 0.6098200720562725, 0.8477896477350726, 0.6064914272548054, 0.27672428996182674, 0.6625965528954845, 0.28851851467106665, 0.6639310521756326, 0.5333363000250617, 0.609806595885008, 0.5591458685138218, 0.43057063950840885, 0.8001708109975096, 0.5417773649664317, 0.7204703225673669, 0.4299940151269614, 0.7652534837857329, 0.5010985263782847, 0.6755040561559569, 0.5654027671200443, 0.5754120108185171, 0.5377110227509567, 0.5655395711857952, 0.5072083689521666, 0.6964293877150041, 0.7268614422994857, 0.7324076162513146, 0.6502488832627646, 0.6407970519062672, 0.5316062061961159, 0.3625360809266074, 0.5175527090218695, 0.34330596819648845, 0.5122702363878643, 0.8596209230784431, 0.7482035006000641, 0.8123001327406455, 0.7689758046431019, 0.7671409118591863, 0.6024704054349269, 0.771411949241612, 0.6551149794040895, 0.9628953696067346, 0.6395666298232477, 0.817382028355858], "FF": [[0, 0.44477897980306386, 2.6734470072974554, 0.35304291153237133, 2.6703933896352012, 0.45066152335262155, 2.651995895363948, 0.48208387475884207, 2.476600831936218, 0.5274252327234479, 2.1983669995772006, 0.5127366084109565, 1.937539996222701, 0.5487986560233735, 1.5833892618722891, 0.4763320183791697, 1.3708213776423817, 0.5371707543054892, 1.13685982062164, 0.39121340636698104, 0.7371223275539442, 0.5163709172800025, 0.6961886922141238, 0.5178641188477001, 0.7697417511234019, 0.1366568366102459, 0.6885919306586576, 0.26703602491375006, 0.6858064045539444, 0.26603201283407163, 0.5634793444061434, 0.3428373712639203, 0.5746648729976915, 0.2801142524545656, 0.5731009161937305, 0.24628723654557685, 0.5451288032424252, 0.2450649050058274, 0.5981427068650191, 0.274052286538928, 0.6349649476456866, 0.29358417066971754, 0.563287277641785, 0.2678920577357411, 0.5332531022612105, 0.32884012633446813, 0.4751854443321784, 0.31198633891141236, 0.41128787252680155, 0.1351596074928812, 0.4476707775881722, 0.15799939253445447, 0.4020262555453383, 0.18496502507809098, 0.36846225631468316, 0.2283334840959135, 0.2734891245791784, 0.3473429295443961, 0.31982341874266584, 0.3225027012985728, 0.2722960046608103, 0.28811863049451525, 0.29703483462146485, 0.3231877912746787, 0.3395627893379844, 0.22714004124301776, 0.40212583056298556, 0.2190121244664327, 0.3579718800527673, 0.26010249553863074, 0.6201045016028579, 0.2673151840122359, 0.46036950063661713, 0.3144922766346277, 0.4527512758920674, 0.19679949713479938, 0.44866913811256537, 0.15263376471949153, 0.4431630545070088, 0.39204054036613534, 0.6610292886522949, 0.349697332099443, 0.5535893554137125, 0.32059001397714987, 0.4369763859017622, 0.3261381198473442, 0.5344659987483293, 0.38310940948888683, 0.5061595278345686, 0.333089307416143], [0.44477897980306386, 0, 0.404138816048392, 2.190431352366716, 0.4137884007570244, 2.410723954574202, 0.43488293788262367, 2.225500857690818, 0.4169718022442269, 1.9976966815822068, 0.3799276744206283, 1.896089855186108, 0.33949500096321367, 1.7470253975528591, 0.3633586928612424, 1.5688612204324117, 0.25423067421871165, 1.384975766744539, 0.20464574017624065, 1.0710342959898134, 0.1439114399733419, 1.0414126674281883, 0.18189180375387376, 0.8233860401648853, 0.22309789495647225, 0.3266244913493532, 0.2772231157815517, 0.5770316786644348, 0.2574379779654269, 0.5477997435538433, 0.1945381790592028, 0.6226169322712379, 0.2538799782817725, 0.4838449333380911, 0.18076118821500475, 0.45454880677233067, 0.17728431176474801, 0.5259740511974093, 0.2842155768662725, 0.533821579494185, 0.3020579398661247, 0.597405728721963, 0.22538497790936712, 0.6523310404324651, 0.27239862023828804, 0.5793962425900828, 0.28553283270716534, 0.555876870387308, 0.27402021915938557, 0.17431972827187006, 0.26422400304884713, 0.19269945991259926, 0.2890061364107733, 0.26140805338515116, 0.31219487433404797, 0.2704988493296775, 0.23525053773070398, 0.3204131031910656, 0.23804922227483477, 0.3037292121503478, 0.1921399246560163, 0.32892237759416443, 0.17729332090559388, 0.3426235852095642, 0.2784932840216581, 0.2924865861297541, 0.2809846886740755, 0.31656926175496564, 0.22754203331639078, 0.4031797300363842, 0.4382119459680003, 0.38660023463649107, 0.382116789339604, 0.31245730502753194, 0.2876023109704496, 0.1829587269937579, 0.29518601239479686, 0.17107199090207828, 0.28399956102849266, 0.3901673330848866, 0.31850521908932555, 0.3510182319787162, 0.2751506390426486, 0.3682900064266417, 0.24769986420205287, 0.4215798198333166, 0.2527196729191411, 0.5069044035470803, 0.22966529711350836, 0.45071942997007164], [2.6734470072974554, 0.404138816048392, 0, 0.32409661990912053, 2.781147156253412, 0.40845946534356237, 2.6158415550005185, 0.43363784079709594, 2.373289746168707, 0.46525522323915824, 2.0967556085888357, 0.4612358979689021, 1.8465723737733535, 0.49435565703911344, 1.5317809022225735, 0.47884046492381027, 1.3567280152678127, 0.528298947786343, 1.106220929033415, 0.3946339649973558, 0.7009113209433789, 0.48576494023364614, 0.696690192492595, 0.5520493004109143, 0.740483585424526, 0.13762112677543173, 0.6678101985328229, 0.2573009535301335, 0.6857057968141578, 0.24064922156026078, 0.5571855715703042, 0.34208102543127494, 0.5498114678659698, 0.28882691983225234, 0.5184376656653896, 0.23367252100463873, 0.5042350794852423, 0.2558751047403699, 0.5855345113310437, 0.2702933219751786, 0.6511189711864631, 0.2907346844251005, 0.5923441272323208, 0.23598242963092303, 0.5464331474217322, 0.2962065022399323, 0.48227792305641637, 0.30045624636424095, 0.38623743511229874, 0.1557388892682216, 0.45641690645614774, 0.16906747418369386, 0.4140556604576058, 0.19911869250053293, 0.36472305923928716, 0.20442717733578872, 0.3048238024997758, 0.32738069127457914, 0.27331179429112884, 0.32879574005595885, 0.23610677378808134, 0.2981146227416829, 0.3250416649953749, 0.35399589075037013, 0.39000284062701396, 0.22319509584284455, 0.42026138835250476, 0.1977669432845252, 0.3545087820125055, 0.2387870069393361, 0.6241053357798031, 0.27847863796975986, 0.4776945329701549, 0.27822975155210156, 0.4345925467210408, 0.1438637155499265, 0.43737302857527255, 0.11579304995817018, 0.44891523649342635, 0.31082968758720353, 0.6729319952133579, 0.29754813343240816, 0.5693359079044968, 0.28670518801609834, 0.46110341202292193, 0.29581917798077695, 0.5544188504853593, 0.37850150054775644, 0.5006054013448666, 0.32563646823201403], [0.35304291153237133, 2.190431352366716, 0.32409661990912053, 0, 0.3265061734473229, 2.160473413777081, 0.33797750387140246, 1.9425960406354348, 0.31884493442768286, 1.7919899754246968, 0.2938809896171217, 1.654152096467764, 0.24619181970370474, 1.5264396075512459, 0.2824022140256441, 1.3906232484480934, 0.2186868227089241, 1.2311227741615043, 0.16716200904548864, 1.020318773299548, 0.09839800194330026, 0.9430920036439756, 0.12806953385919045, 0.7417265277467565, 0.15772780470534672, 0.3200844079509554, 0.24467177355603892, 0.5600985117375081, 0.216787210093588, 0.5131307038287776, 0.1690526389298751, 0.5498164878536904, 0.2238853139918379, 0.47446173823026316, 0.15665603610573997, 0.3876372080022568, 0.12694522529905947, 0.4438014188172464, 0.2356638971071368, 0.46725652281813423, 0.26472248339536797, 0.5421064150592783, 0.20721658480563152, 0.5608610575543294, 0.23083867686003862, 0.503690076722865, 0.24031402003519187, 0.4950222535025221, 0.22842060563245728, 0.16917782138419968, 0.2203042566963921, 0.18309091939116856, 0.25325058428259595, 0.20900710012595647, 0.2983801821894355, 0.18844094870103562, 0.19006440063568047, 0.23440714254202644, 0.21119407973439897, 0.22294400946163537, 0.17761049874472046, 0.21135197929041677, 0.15490691478405724, 0.23986625864558314, 0.23122221146023897, 0.202567124867372, 0.23758862130609548, 0.21990419500420438, 0.18648516345021948, 0.3010888724831444, 0.3055334203210203, 0.3108921721834531, 0.30521857033103983, 0.24385351449615716, 0.23421233304570035, 0.13268993999855744, 0.23280874232904675, 0.13305577760810616, 0.23793104392776565, 0.3089323222530603, 0.2538625277345812, 0.2643429468073049, 0.2226775679432572, 0.30155061756608914, 0.21714969813384938, 0.338085658132476, 0.18754536180233128, 0.40332846428126273, 0.18656249484919207, 0.3635115770762278], [2.6703933896352012, 0.4137884007570244, 2.781147156253412, 0.3265061734473229, 0, 0.418778345564328, 2.7619518583994656, 0.4367261481282382, 2.474660582138422, 0.4741500595072444, 2.170008655688851, 0.4735171672083773, 1.9052687211323487, 0.5050399080691617, 1.568881560316014, 0.49270800702485756, 1.4046447852195778, 0.5247752424238199, 1.12714895325748, 0.39299563305844254, 0.724820739854492, 0.4924981077213377, 0.7206712768460344, 0.5321294107242712, 0.7630508517486572, 0.13113708541820274, 0.6727459914328986, 0.2582243601933057, 0.6856816022761698, 0.24445655261284038, 0.5564186982965724, 0.33468948937322285, 0.5557526482643536, 0.2741482055654135, 0.4992136869444749, 0.2422713324683316, 0.5041581133711551, 0.2471517578444967, 0.5879829081033187, 0.2523433970462958, 0.6527665635886967, 0.267785574115268, 0.5728259530567124, 0.2666242698526491, 0.5362449466043857, 0.3239735260621049, 0.4532046599972111, 0.2967812970553005, 0.36754207000203, 0.1513537114472281, 0.44079314044837375, 0.16555771956452114, 0.4030615864634937, 0.19292394416629627, 0.3847722722071854, 0.2140680034303941, 0.2847617149849941, 0.3181336067992362, 0.29569143301871487, 0.2974931769555302, 0.24268725581932787, 0.2804433474779275, 0.33947814343245836, 0.3317743477502873, 0.362104715261515, 0.22191341098256057, 0.3815962423012557, 0.19116086624538026, 0.3417816045870823, 0.2452238207632163, 0.6199502613837982, 0.2809020212929797, 0.4810827652851406, 0.29137271285624533, 0.4307015759325183, 0.17005961489099, 0.43294191832599727, 0.13732297027708767, 0.4349027902466836, 0.3105066321017987, 0.6586414669072372, 0.3038585813363779, 0.5621596347544692, 0.2712836920895904, 0.44548208545150675, 0.28815080527415005, 0.541164349514239, 0.38257556275918825, 0.49948735450365844, 0.31251967798203995], [0.45066152335262155, 2.410723954574202, 0.40845946534356237, 2.160473413777081, 0.418778345564328, 0, 0.4517110676689843, 2.3406614128104466, 0.4334700178674854, 2.0948709894831437, 0.4029583754375132, 1.9130535091149086, 0.3502097936196375, 1.755121069912509, 0.34369811840800973, 1.554839820822882, 0.2687903458273125, 1.3711829546240313, 0.2241874361018251, 1.0781823119309903, 0.11988748045523126, 1.038877515935075, 0.16514075698071634, 0.8198210696218847, 0.20343788961850914, 0.3283115736108695, 0.2598522808489008, 0.5758932245220825, 0.25310961546551797, 0.5258052835719002, 0.1940728986282896, 0.6061259380882831, 0.26391961564793687, 0.5023373089643413, 0.16406594242383918, 0.45430378235395025, 0.15718617263034557, 0.5093512710327487, 0.26744360629868036, 0.5049195495106508, 0.29678335981764414, 0.5716058427948246, 0.24653732530370842, 0.6034446932331463, 0.2818499869978583, 0.5334901104116208, 0.28649938257236435, 0.5272287883620075, 0.2742894205625307, 0.17612086841307506, 0.2512689912686925, 0.19439210805758483, 0.2865188470121787, 0.2607446199720559, 0.3227022483053196, 0.26232126212725904, 0.22489985400585108, 0.3249339497462475, 0.2448185755301886, 0.3283514849775261, 0.2100426370368284, 0.33974979988846493, 0.17468126710857051, 0.3538161012473923, 0.2853001574128616, 0.29964129305973713, 0.3193014883054367, 0.33071409987518413, 0.23457881362456232, 0.39166969233506, 0.42966993642965107, 0.4118972493749364, 0.37934198678347353, 0.2975370543077379, 0.2871502731295073, 0.1794100850862924, 0.3030063522805798, 0.16625169021179295, 0.28068765633360576, 0.36936250038926094, 0.3190958879906745, 0.32248346742118184, 0.2662937809892098, 0.3652840387826779, 0.21704206976157117, 0.421923814556162, 0.2328854363792715, 0.5147708312323899, 0.21680418492666495, 0.44070319329153035], [2.651995895363948, 0.43488293788262367, 2.6158415550005185, 0.33797750387140246, 2.7619518583994656, 0.4517110676689843, 0, 0.45828339038454674, 2.6249761993266034, 0.5232703687749991, 2.2986592337608895, 0.5122449338681797, 2.024624080282643, 0.5635244207032085, 1.6346469039303513, 0.5062054506534734, 1.3684440900613755, 0.5346351365156258, 1.1247274169864419, 0.3881554574481599, 0.729874218429998, 0.4997191944585308, 0.7274260733795677, 0.5072799021950949, 0.8028254057375102, 0.1392330962998517, 0.6898049057793204, 0.2646073320723709, 0.6800536689640236, 0.25824166362574924, 0.5441620813145318, 0.34832526548640386, 0.5638992064132018, 0.2923813624856911, 0.5341740384624697, 0.23953581397647794, 0.5435725343492099, 0.2664835993707427, 0.6122838285171079, 0.272492390700295, 0.6549790524937075, 0.26249559528832045, 0.5793834914457624, 0.2686546883479486, 0.5538499426580317, 0.33346901424027264, 0.48609496203224584, 0.311580229651338, 0.37706962488072276, 0.13955128895062, 0.4180278222430274, 0.1516763820398612, 0.37258287078055163, 0.178634778875626, 0.35607711150807925, 0.2335428187647397, 0.280117311882646, 0.3274791236680619, 0.33387741546303873, 0.29748217855140385, 0.27177298427808516, 0.2999378661283354, 0.3339893942093317, 0.3238463617529061, 0.3509464453465059, 0.22224458434108718, 0.40417597866729316, 0.2092184809015317, 0.36455121129555984, 0.2661929056604969, 0.6364924579518156, 0.29669457062701915, 0.49984490243116875, 0.308459006075616, 0.4594895894317284, 0.1806327155340202, 0.4560890787763754, 0.14226178679729434, 0.4304285220374618, 0.3241224525322815, 0.6423349616821855, 0.3185656631825781, 0.5929694863765065, 0.3031030923919163, 0.48339475905189255, 0.3359945182471855, 0.5629750070189252, 0.4284543750085755, 0.5045581260350354, 0.3496494989879054], [0.48208387475884207, 2.225500857690818, 0.43363784079709594, 1.9425960406354348, 0.4367261481282382, 2.3406614128104466, 0.45828339038454674, 0, 0.43232963093534194, 2.2651032744563535, 0.41018924831735454, 2.1022476508227337, 0.376510894747387, 1.8988815723904864, 0.36669603941119777, 1.6716115796803703, 0.2862129839479204, 1.4577859174312346, 0.22231103519503376, 1.1337885826458831, 0.10299788924991501, 1.031645057643903, 0.16970485984638864, 0.811496008113251, 0.18858618390717463, 0.32273784291464946, 0.23375849292200893, 0.6000279601625133, 0.2310715560221486, 0.5228765949143117, 0.1674101207662169, 0.5718588392415808, 0.24917833349118795, 0.5133126740549712, 0.21522658682549367, 0.45456601499911214, 0.16174971037523694, 0.5146837366830312, 0.255105814981505, 0.4964827840246842, 0.28154833396069595, 0.5671567263162817, 0.21981089570625897, 0.6052727452056035, 0.24319486015883826, 0.5482403487520409, 0.24251583026626378, 0.553730246501376, 0.25576428701094517, 0.18158545067442952, 0.21285720690276455, 0.20076026116143958, 0.24662918928287228, 0.253096934201491, 0.3123646358935886, 0.27806864017713545, 0.2449754576990446, 0.32960009175104776, 0.2908564992741441, 0.2944051619880601, 0.24177548355885542, 0.33859287857200865, 0.19839233573091736, 0.3450366962108594, 0.2627155551847696, 0.2635252282166573, 0.29922390535054033, 0.3151349853040135, 0.20979045063544255, 0.40672461900117934, 0.42794709190515196, 0.393909711630576, 0.3379081806709316, 0.3084735664253504, 0.2641395584620455, 0.16948607350441702, 0.29257433533136495, 0.15990412364036238, 0.27118204589418454, 0.3915347807273296, 0.3063190583423043, 0.34862257925465906, 0.2636224064802643, 0.39938113658877133, 0.2107744267082905, 0.4333936779772729, 0.23967592434430607, 0.5336888428870232, 0.21162259603102856, 0.4733762036295484], [2.476600831936218, 0.4169718022442269, 2.373289746168707, 0.31884493442768286, 2.474660582138422, 0.4334700178674854, 2.6249761993266034, 0.43232963093534194, 0, 0.5143786769601928, 2.635040044478042, 0.5064675729676517, 2.141407713804838, 0.5760430509939192, 1.7851746690966972, 0.5168084602737655, 1.4571930414275729, 0.5400667036170279, 1.2515539530321014, 0.3784035720674625, 0.7868651466617828, 0.5090042337151077, 0.7690232296703963, 0.5160004775073058, 0.8178836758547725, 0.1428079202958079, 0.7185659069888355, 0.27914173567187567, 0.7134354188651884, 0.2715072209040452, 0.6310301928579385, 0.3948487621553016, 0.6327407314503507, 0.32981192573494433, 0.6155509369292759, 0.24739359770556207, 0.5879015241034015, 0.3718249678367168, 0.6576968442491113, 0.3415901053898841, 0.6514115050809252, 0.26426539364605617, 0.5905301138565936, 0.3028800836777735, 0.5588695528071289, 0.3654473908839944, 0.5107984426556372, 0.3385449874706007, 0.4288644750293381, 0.12344157082287904, 0.461051742237142, 0.14910513877839873, 0.41327075254012996, 0.19322996608789886, 0.3673995174756139, 0.21196826127621196, 0.31434996145458555, 0.33651593338000385, 0.3513230662730511, 0.2748918344799878, 0.283643428914262, 0.2657440316132597, 0.3481587279771603, 0.3275774283640219, 0.3657527698449677, 0.22359601976287644, 0.46292527522169885, 0.22119198151843406, 0.41160815525446925, 0.273785429123498, 0.7319263968559042, 0.29053339616326035, 0.5443275644525855, 0.29179039813420676, 0.48084337631316926, 0.175972177039974, 0.4804681723236493, 0.14052702126398411, 0.4215746297008226, 0.3253344223779631, 0.6520122749223968, 0.30911926596048045, 0.6316103368578501, 0.27883753659834637, 0.5068809982353204, 0.2882181514668779, 0.6009767015122288, 0.4166137346892588, 0.5285052879268746, 0.33728423551707626], [0.5274252327234479, 1.9976966815822068, 0.46525522323915824, 1.7919899754246968, 0.4741500595072444, 2.0948709894831437, 0.5232703687749991, 2.2651032744563535, 0.5143786769601928, 0, 0.5022797506910688, 2.597226477167018, 0.4944168821369721, 2.310658472163726, 0.4842722396381648, 1.9326580893702896, 0.36936380360570126, 1.6203699064976704, 0.33690614858201956, 1.160211698644993, 0.1418395336686869, 1.1014701990333935, 0.19854700368502465, 0.882696555198127, 0.24892515944443022, 0.32941820391990567, 0.29007604571080203, 0.6068192556344165, 0.27974056757898763, 0.575641766476706, 0.2006269052063747, 0.5943926193280984, 0.3229000920352203, 0.5640842698871986, 0.2252097687161648, 0.46629486703565415, 0.20003228604472337, 0.5725094507816388, 0.2969760223393672, 0.5402730949198182, 0.3261713837333043, 0.5802533067853003, 0.2501055190322829, 0.5572124881952457, 0.2864820079233789, 0.5350465989804856, 0.2810511889796241, 0.5923175008796261, 0.27681655179119274, 0.20600394168248265, 0.23152893716799428, 0.2268182919465507, 0.25348903088003777, 0.2767124045760343, 0.31264427468155753, 0.3045625321333513, 0.2668814980776059, 0.41903304207938913, 0.2935926350411154, 0.33464227740209346, 0.2461653671358837, 0.33385787248963744, 0.2223598767955263, 0.2827956501858087, 0.28624077127391107, 0.29060284104562245, 0.35723146135979034, 0.31070657942511193, 0.24684225534857035, 0.42486609647876733, 0.43170346055003017, 0.4392235597210175, 0.3471830346619241, 0.3634522083609647, 0.2892454032714727, 0.1850061082469204, 0.29331301955350236, 0.17965142665277123, 0.2676251912446384, 0.4251869938368261, 0.3495608659857505, 0.39272672327726826, 0.2954243701211907, 0.4318955165035713, 0.26507114753124333, 0.5272586545804975, 0.27090768509800567, 0.5972387022800132, 0.23309781386670442, 0.5196215060283332], [2.1983669995772006, 0.3799276744206283, 2.0967556085888357, 0.2938809896171217, 2.170008655688851, 0.4029583754375132, 2.2986592337608895, 0.41018924831735454, 2.635040044478042, 0.5022797506910688, 0, 0.5072328450100156, 2.3797268881945035, 0.539118587255458, 1.900668248670994, 0.49053419489462974, 1.490674354396591, 0.5032110785596537, 1.2959959450685838, 0.3399638444676242, 0.821166036764941, 0.46860077119925775, 0.8063490812468223, 0.5024322701871116, 0.7642220051593521, 0.12795484216409972, 0.69759682484053, 0.2797660864050989, 0.6959895064274575, 0.28154340228105584, 0.6080227850237143, 0.35978747425079505, 0.6153033510653815, 0.31442967990613285, 0.5383319036738133, 0.22773857583654283, 0.5881482209231, 0.3193830184161664, 0.6166533820456467, 0.3178174977557715, 0.6509334941032356, 0.3092285501281551, 0.5634212573292938, 0.3212635807565642, 0.5341081481544944, 0.39611461700858525, 0.47424624758180267, 0.33876214332630994, 0.424763287701388, 0.13923296556325832, 0.43410360236703904, 0.16032754436037466, 0.38422265041536463, 0.2045567698694747, 0.38198019397046956, 0.2375030728047834, 0.30520311257943217, 0.3938178645780527, 0.331985639406343, 0.30845164215305265, 0.25896897479554143, 0.3191809644018686, 0.3118004882115984, 0.29872448344293595, 0.3197453208391833, 0.195021036677028, 0.410192449550442, 0.21208084392406404, 0.3771058418498867, 0.2940104475188726, 0.67332400745951, 0.3150510376591405, 0.5057556169394073, 0.27243676487431523, 0.42802681856584424, 0.11870468574825147, 0.439152692300401, 0.11699356461663386, 0.41894306163993394, 0.30064001767493165, 0.623202357686531, 0.2871797467309718, 0.683392779823595, 0.25516043941061195, 0.5196359999680151, 0.30009134167764123, 0.629783141421044, 0.43044270488180014, 0.5398683414176537, 0.35020215398855326], [0.5127366084109565, 1.896089855186108, 0.4612358979689021, 1.654152096467764, 0.4735171672083773, 1.9130535091149086, 0.5122449338681797, 2.1022476508227337, 0.5064675729676517, 2.597226477167018, 0.5072328450100156, 0, 0.4918942449102847, 2.5525296484712645, 0.5419739533097065, 2.032286506348332, 0.4197997785601127, 1.6719305796807442, 0.354112973176076, 1.2047495075390602, 0.1544944190317014, 1.1255553253639876, 0.22294960948508874, 0.9222686668760265, 0.21576107327998964, 0.29825651706737794, 0.26697074035766305, 0.5845471669675992, 0.27610938087213194, 0.5781297061934862, 0.21003208129214354, 0.6242813027289852, 0.3121953235491494, 0.5820347877810944, 0.2168754969246324, 0.4325383757150698, 0.22773205368417115, 0.5536522704645579, 0.2667032774861692, 0.5340834145896493, 0.2869832961696866, 0.5481782724823685, 0.24368963434701013, 0.5049164440316227, 0.2715443585136468, 0.503679779963096, 0.24598347554078917, 0.5720684930969823, 0.2593731557453406, 0.20278559278176586, 0.21608339673321536, 0.20041618538728656, 0.25299026333608976, 0.27940585975733356, 0.30625503752394856, 0.2816109689048053, 0.2676907265470342, 0.4165338560153764, 0.28284929411897114, 0.3618202679290366, 0.2243575127619347, 0.3652697699861227, 0.22093620419417892, 0.29573934524603074, 0.26604404851027275, 0.3089554265423359, 0.33130539412726023, 0.3066309428242046, 0.2472955429563382, 0.4389735844314599, 0.4510029367790096, 0.43834812478195867, 0.35950655425178835, 0.35579011999304083, 0.28741827598559533, 0.17650322885505546, 0.299084108056849, 0.17940912673933168, 0.3106801302694194, 0.41094424766809184, 0.3645169463469149, 0.3927582648985867, 0.29600314235712144, 0.4220632708178872, 0.24167958790472552, 0.5105177594073208, 0.2645180608753635, 0.590141401074973, 0.24559047658858194, 0.5100902778562556], [1.937539996222701, 0.33949500096321367, 1.8465723737733535, 0.24619181970370474, 1.9052687211323487, 0.3502097936196375, 2.024624080282643, 0.376510894747387, 2.141407713804838, 0.4944168821369721, 2.3797268881945035, 0.4918942449102847, 0, 0.5106216641312132, 2.1604155207047064, 0.4345806150397757, 1.648284529718952, 0.4502480480306976, 1.3834404919427454, 0.28330873416058977, 0.8889118427504348, 0.38184259636023543, 0.8454909028948082, 0.44082093080924845, 0.7747412683546753, 0.12371733261397551, 0.6944987518669201, 0.22143203629291713, 0.6712090653866929, 0.22351217659074826, 0.6055871129203565, 0.2905085359565621, 0.6141008023012754, 0.24959333602174727, 0.5664401984105932, 0.18486239385257008, 0.5528818320491038, 0.23980423521188518, 0.595185593840223, 0.26197027671785394, 0.5905905320422028, 0.2536532110703435, 0.5528538320152011, 0.2565618098423672, 0.4732579550386018, 0.2975208489686982, 0.45823926476825316, 0.3570106926262413, 0.3855259030425482, 0.1372053270975599, 0.40269891943217184, 0.1775735186629498, 0.38019473029596385, 0.17767735633816198, 0.3708145675323015, 0.22986567802234137, 0.2791416097699395, 0.3404910740928809, 0.28237558989703987, 0.29596440729020046, 0.24210954765967732, 0.28895510608352115, 0.292746199797027, 0.285928670885934, 0.2717288480348473, 0.22099280135789975, 0.3498085086476638, 0.17992186565534019, 0.322476746955794, 0.2263666935273381, 0.5824800616088833, 0.275774285011622, 0.48263322655683016, 0.24647036680182902, 0.38901166224220235, 0.12183717864484911, 0.4026497056568434, 0.126604194750855, 0.3960213602480331, 0.31063001170390925, 0.6739208139294276, 0.30335007783948864, 0.6893990627802855, 0.26595109305549763, 0.5070157441143677, 0.34141425051988733, 0.5706457980422937, 0.4187494131538878, 0.4925216907520097, 0.32137993867853437], [0.5487986560233735, 1.7470253975528591, 0.49435565703911344, 1.5264396075512459, 0.5050399080691617, 1.755121069912509, 0.5635244207032085, 1.8988815723904864, 0.5760430509939192, 2.310658472163726, 0.539118587255458, 2.5525296484712645, 0.5106216641312132, 0, 0.5317211892629848, 2.2920790173341676, 0.4551623118127006, 1.8814709067141773, 0.35921087406148794, 1.3063448042541796, 0.16491401472384473, 1.1689056049967559, 0.2211830172034084, 1.0094099512438444, 0.20672323962322908, 0.30842025412299, 0.24279464958576388, 0.6204537258477207, 0.24065112061667782, 0.5950200922843146, 0.20385100228264533, 0.6244570640332507, 0.2774445248991, 0.5858514173130909, 0.22102756732650594, 0.4031349490108461, 0.2535379162762635, 0.526806380272597, 0.290792129792568, 0.5140786822049136, 0.2692713570544998, 0.5509916811183072, 0.2420117202279326, 0.5095204323438833, 0.29967543330456925, 0.47671335640307894, 0.2699412033580334, 0.5057626878903827, 0.25923941424712527, 0.18238206556780717, 0.22468510946555187, 0.1795841350290974, 0.23852730073196146, 0.2951937907818849, 0.27996428331970835, 0.26927367922287354, 0.24272450940088527, 0.43578501281577514, 0.3023520669041133, 0.37486612893553745, 0.2128371874232212, 0.39271507603083516, 0.1885477761774294, 0.27697424495815, 0.2798423890368407, 0.30888039041081145, 0.3256438233097879, 0.26959602343120664, 0.24348964692321107, 0.4186114659341522, 0.4674567828626922, 0.36507870980558016, 0.3428976151949317, 0.3545573190089986, 0.304885549811029, 0.16405230511594265, 0.28215227463795617, 0.16634670377823088, 0.30055345065552, 0.41703358944754754, 0.3913172500988151, 0.3840850060284159, 0.29690957472969226, 0.4338499978285788, 0.2285141491066093, 0.5072334667223259, 0.2771361999527918, 0.5664711554732921, 0.23837496645095527, 0.5112759447011396], [1.5833892618722891, 0.3633586928612424, 1.5317809022225735, 0.2824022140256441, 1.568881560316014, 0.34369811840800973, 1.6346469039303513, 0.36669603941119777, 1.7851746690966972, 0.4842722396381648, 1.900668248670994, 0.5419739533097065, 2.1604155207047064, 0.5317211892629848, 0, 0.4570940709808758, 2.092385901517, 0.43946692153892186, 1.6561198093201446, 0.2628085097461474, 1.0852649779065997, 0.36629429997192786, 0.9404345440378611, 0.40236692530804413, 0.8993380577802056, 0.09723629566639805, 0.8548555065495099, 0.19633870308352872, 0.7826359245120635, 0.19912769058925514, 0.6669231434598489, 0.2812025041412202, 0.68628120333967, 0.22905024393353943, 0.5979890473190064, 0.18315702685424332, 0.5587107914937368, 0.2866875947565787, 0.561461953155863, 0.33152332285714886, 0.5214730198539993, 0.3391372969666904, 0.4445442758390972, 0.3263489045596377, 0.4478112682301136, 0.35955108116638035, 0.4110057551873189, 0.3697465113502266, 0.43350563454111274, 0.15347356248208552, 0.3983007268408365, 0.18255110133258765, 0.36778196105904404, 0.210016828309239, 0.4131732670695324, 0.264333478978354, 0.22478700922108102, 0.31482543628071435, 0.2682191628467628, 0.27101571077079223, 0.22860416573267173, 0.30909796230737885, 0.33571277533259736, 0.31007324294561933, 0.31106890086855005, 0.18284892325367552, 0.37965776722673844, 0.16198226039392116, 0.3591916619072599, 0.283157538259303, 0.5592882553442108, 0.3016798736907836, 0.43707599273447584, 0.2773244469985157, 0.3943637852633464, 0.15103362740321802, 0.3876737984844298, 0.15274322409131527, 0.4211960973093514, 0.3189619015306408, 0.6515732095014878, 0.2828824288351379, 0.6121050764772518, 0.3000262562725636, 0.44761235338869293, 0.3048428645674926, 0.5086798601553879, 0.3683268653379643, 0.4515905219978997, 0.26713091051535187], [0.4763320183791697, 1.5688612204324117, 0.47884046492381027, 1.3906232484480934, 0.49270800702485756, 1.554839820822882, 0.5062054506534734, 1.6716115796803703, 0.5168084602737655, 1.9326580893702896, 0.49053419489462974, 2.032286506348332, 0.4345806150397757, 2.2920790173341676, 0.4570940709808758, 0, 0.3694011340301949, 2.2347217193544506, 0.33247238343147545, 1.4724441244374225, 0.1375490335525467, 1.3316647041354233, 0.17992248023729326, 1.0945957734889629, 0.20953231722863602, 0.34653085036890996, 0.29317552975328354, 0.6265496352185559, 0.26956532547556156, 0.5956053372720774, 0.22981051824937193, 0.6296596221942414, 0.25325886999819636, 0.5521609890331838, 0.22454175222897532, 0.44067574266819837, 0.21608652227382727, 0.5294523450399969, 0.3070806836824815, 0.4927199301887684, 0.28650635346140996, 0.4902068833001745, 0.25393375763372616, 0.4740117979906309, 0.2883751196034397, 0.4449697828832914, 0.24371633716413987, 0.4814055423254676, 0.24948431940282098, 0.16818044301704044, 0.19883348969157166, 0.1652988284465911, 0.254672690725251, 0.23259369675690952, 0.3341601290565776, 0.23538049362422692, 0.24736304519468125, 0.39582358163953824, 0.294678221530959, 0.31915229429496983, 0.21435136243750993, 0.31419015715170656, 0.21597715372211695, 0.25448314033025254, 0.24527831772265918, 0.30137858251830923, 0.28252006257646184, 0.2508687069996988, 0.2330851820695825, 0.39553559127802446, 0.4149713544457928, 0.379041924496179, 0.3085617540021808, 0.337412794558185, 0.30283176565552555, 0.15742461530102828, 0.27498608067522845, 0.15372693242537716, 0.26422533826528516, 0.3958736078275816, 0.30871081101806525, 0.30668300892272815, 0.30871156885516626, 0.39249392154688506, 0.24510997577256127, 0.4304211866246801, 0.2363104328363645, 0.5237446540452362, 0.24858961281993416, 0.49649568550034273], [1.3708213776423817, 0.25423067421871165, 1.3567280152678127, 0.2186868227089241, 1.4046447852195778, 0.2687903458273125, 1.3684440900613755, 0.2862129839479204, 1.4571930414275729, 0.36936380360570126, 1.490674354396591, 0.4197997785601127, 1.648284529718952, 0.4551623118127006, 2.092385901517, 0.3694011340301949, 0, 0.4114801892013059, 2.213334579827519, 0.2720844118540529, 1.4053810798281505, 0.320597297893594, 1.1801788182435025, 0.4227498594011812, 1.1241138549778666, 0.11015017221127571, 1.0221267835645444, 0.21413524334335812, 0.9475259344154716, 0.21266882180843477, 0.8242838948363322, 0.2649373511248791, 0.7454221363819566, 0.19783269758070987, 0.6461734047406822, 0.16872576801997374, 0.5693475462853179, 0.3081400839328838, 0.526259546848455, 0.28590049475624035, 0.46798589552164305, 0.30261751326497016, 0.3811439191554791, 0.3300638007476616, 0.3837730979277014, 0.3775520853872345, 0.33319023880297044, 0.30243103713593805, 0.36279719928503434, 0.133444654128666, 0.3377474343717079, 0.14528133546885813, 0.34900629841600583, 0.2199759816771912, 0.42145623359393897, 0.1781563808226526, 0.2882463747168125, 0.28441035905479817, 0.37191532456888826, 0.255123776668528, 0.2304753900486224, 0.2675465550176588, 0.3361464928864897, 0.28455075944544017, 0.2792959133452831, 0.2150692787030212, 0.4007136849276632, 0.20673678737751652, 0.2848320550393134, 0.2645283609934382, 0.5032576556392359, 0.3233061279764296, 0.4433684242137315, 0.2631801162324451, 0.40610561293451247, 0.1400267651914447, 0.40199251548940573, 0.12554725607663794, 0.4430014273296453, 0.325254572624517, 0.609131318163236, 0.2496827467073255, 0.5987093309124653, 0.22317706314113162, 0.416146174058419, 0.23299555631791852, 0.5045700858201909, 0.33443650935659824, 0.49809276467197766, 0.24954173361574758], [0.5371707543054892, 1.384975766744539, 0.528298947786343, 1.2311227741615043, 0.5247752424238199, 1.3711829546240313, 0.5346351365156258, 1.4577859174312346, 0.5400667036170279, 1.6203699064976704, 0.5032110785596537, 1.6719305796807442, 0.4502480480306976, 1.8814709067141773, 0.43946692153892186, 2.2347217193544506, 0.4114801892013059, 0, 0.38333461702505256, 1.7606049885177673, 0.11774511169164065, 1.5651870246012922, 0.16654040436157996, 1.2537058270682384, 0.19653364153716096, 0.378471844585055, 0.2963275350074395, 0.7206158825645081, 0.2710649660852843, 0.6438660527952137, 0.24336115383646256, 0.6597074838003018, 0.2960282119578279, 0.6401041428683372, 0.2221060016240078, 0.48067662557941426, 0.19520106408387455, 0.5580670972973301, 0.2945172575400221, 0.48933329971234507, 0.34147352774449236, 0.4828457274503051, 0.23349281048806136, 0.4862797030539787, 0.278191887364636, 0.44295951251318977, 0.2984411092808693, 0.4971372827416587, 0.30033973093748495, 0.17873228558768223, 0.23239498808409212, 0.17411199945982464, 0.2450187278529145, 0.1933026113282195, 0.2730251602434764, 0.20623163878644205, 0.2086929014179115, 0.4178656233416371, 0.25269793570800086, 0.3969173871187598, 0.18715319427941496, 0.34327188744258913, 0.17846751525892712, 0.27589145869052695, 0.22335365697310486, 0.30863262914257794, 0.23872680780616273, 0.26983977303046414, 0.21764072778053387, 0.42615336847980967, 0.43798261664386856, 0.3828078934736571, 0.3139617053869502, 0.35053283847897915, 0.3067637011636465, 0.14559577306491625, 0.2597488502236013, 0.1495711898852245, 0.28409308861526233, 0.45705969162627663, 0.3445258142946221, 0.3592931176071166, 0.34890268769367644, 0.44882257744735, 0.27352919073775595, 0.3950773433066247, 0.29963168658969686, 0.516900861931193, 0.2527718005370061, 0.5029136741027669], [1.13685982062164, 0.20464574017624065, 1.106220929033415, 0.16716200904548864, 1.12714895325748, 0.2241874361018251, 1.1247274169864419, 0.22231103519503376, 1.2515539530321014, 0.33690614858201956, 1.2959959450685838, 0.354112973176076, 1.3834404919427454, 0.35921087406148794, 1.6561198093201446, 0.33247238343147545, 2.213334579827519, 0.38333461702505256, 0, 0.25402137547371606, 1.7790313243347928, 0.2922207567287318, 1.3604861181721872, 0.3699858542025319, 1.3170749695364037, 0.11029672455854772, 1.225220601886879, 0.2278682271639161, 1.1557923464023965, 0.21825531942635717, 0.9471820111219936, 0.2705796305524722, 0.8278133037327343, 0.189088511583342, 0.6914736459409967, 0.1817338365025923, 0.6122247424583664, 0.27528509470077744, 0.5057375477171734, 0.24812911799839799, 0.4306073714687364, 0.2598524461741234, 0.35700447619173226, 0.21111870036854416, 0.35227320182313876, 0.29137796645343955, 0.3887293855410936, 0.24786447564666164, 0.35294479179862753, 0.11281850321900916, 0.3302380042330518, 0.10854584524898932, 0.2932829513339003, 0.16228932007086422, 0.3273500294925914, 0.1623525710920602, 0.2735682461939402, 0.2457682725131213, 0.3734538496438751, 0.222349785115688, 0.24959142491069106, 0.23308077384295675, 0.34614197031649396, 0.27434803685158016, 0.29074329926732057, 0.20524738052217892, 0.3772242843130603, 0.19993732963341812, 0.2557979294965069, 0.22707713169940616, 0.5326682502155501, 0.30428718631102764, 0.43669943063732175, 0.2416479647623838, 0.35440536002965506, 0.09331571898473677, 0.3732067849774477, 0.1084233681351818, 0.39290133337381794, 0.2819401534489917, 0.5690068035169739, 0.25265703973140957, 0.529395477093279, 0.24729584421947315, 0.3740028490635181, 0.22859132676023844, 0.4533046735066895, 0.3039455443740154, 0.3872571191803188, 0.27035987984367854], [0.39121340636698104, 1.0710342959898134, 0.3946339649973558, 1.020318773299548, 0.39299563305844254, 1.0781823119309903, 0.3881554574481599, 1.1337885826458831, 0.3784035720674625, 1.160211698644993, 0.3399638444676242, 1.2047495075390602, 0.28330873416058977, 1.3063448042541796, 0.2628085097461474, 1.4724441244374225, 0.2720844118540529, 1.7606049885177673, 0.25402137547371606, 0, 0.11072584644701047, 1.6788209825940181, 0.13624386264267002, 1.2919601987731275, 0.13538557276390284, 0.4730164743411517, 0.23044150378565953, 0.7602901720995712, 0.26429122355652857, 0.7068985478427448, 0.23042261054511043, 0.6491476650428754, 0.22835652808220472, 0.5604418277682661, 0.15546428216353111, 0.38795386260351605, 0.14189931303286604, 0.44822410872292845, 0.21962640644409626, 0.4071415350188751, 0.2834448738310277, 0.39863068951441677, 0.17085805673685858, 0.4526951043866803, 0.19513187855831632, 0.41451639682919134, 0.20066181832881597, 0.4228098859145818, 0.19263513294264112, 0.17121582542421412, 0.1780040903110882, 0.15518569229599655, 0.22361476226314697, 0.15663517877182337, 0.23998079963830168, 0.1438690336916507, 0.16139093716849257, 0.29660657461853107, 0.20828334121518033, 0.23684585460575994, 0.12742091157873803, 0.2333493715681487, 0.13280818896449811, 0.2262520296248904, 0.165353346828234, 0.20797935073288917, 0.1543239215993821, 0.2391045535937586, 0.11691940553573577, 0.26831939632848223, 0.2691772243856077, 0.2867381768300019, 0.2187377328587055, 0.27868702714298466, 0.21050046955713742, 0.11413156822969613, 0.15604863797191526, 0.11495321504019011, 0.2033523120055062, 0.2535782633109072, 0.22117818973071024, 0.28762205630631904, 0.16990426225758543, 0.36714029065421355, 0.15321279846805183, 0.31931240558077584, 0.17548812752871712, 0.390118876494749, 0.14534958581186538, 0.3933246109603377], [0.7371223275539442, 0.1439114399733419, 0.7009113209433789, 0.09839800194330026, 0.724820739854492, 0.11988748045523126, 0.729874218429998, 0.10299788924991501, 0.7868651466617828, 0.1418395336686869, 0.821166036764941, 0.1544944190317014, 0.8889118427504348, 0.16491401472384473, 1.0852649779065997, 0.1375490335525467, 1.4053810798281505, 0.11774511169164065, 1.7790313243347928, 0.11072584644701047, 0, 0.12954636629189203, 1.5445302729789256, 0.15920280625788738, 1.3056411090519433, 0.07996585474520485, 1.1224990877048404, 0.1159071435909714, 1.0013126839401667, 0.11008240885881321, 0.8357290125287288, 0.15844535646678515, 0.6978680416499473, 0.0997688571944808, 0.5675568062426106, 0.08161827429828074, 0.4566067412738326, 0.18068057552206251, 0.36879623377563553, 0.1677655788376152, 0.29950034281069227, 0.19251399783155168, 0.2955833334010525, 0.1687288516883195, 0.253805384355249, 0.2386035367748821, 0.260421487876765, 0.15612462926210854, 0.22491477658761364, 0.07341382733979161, 0.17893794305921462, 0.06981881931110301, 0.18445337573395015, 0.1106459215036134, 0.17177591035994, 0.11114801850279452, 0.15947295203543532, 0.16373463658967136, 0.2337008713366865, 0.14817353473120898, 0.18346265321580268, 0.179123143622336, 0.23515074511513928, 0.18149511824453662, 0.19045066629535284, 0.12705940808673877, 0.24711427207789002, 0.11507580550126031, 0.16751263204987707, 0.12943643813809258, 0.301842561862043, 0.1759942188609398, 0.2725543582733296, 0.15375110337782472, 0.21345450467375568, 0.05909050309855824, 0.23222278461841248, 0.07911674312388464, 0.2363615859297971, 0.213213905846682, 0.30855496988093084, 0.1501397646009371, 0.2898232418240297, 0.11141390458353795, 0.1972127161371258, 0.14532699460187978, 0.23761467240526415, 0.17581968145983776, 0.23218736031474338, 0.1261750106020294], [0.5163709172800025, 1.0414126674281883, 0.48576494023364614, 0.9430920036439756, 0.4924981077213377, 1.038877515935075, 0.4997191944585308, 1.031645057643903, 0.5090042337151077, 1.10147019