{"FC": [0.11720459270452324, 0.2090225268630017, 0.034253226110116775, 0.034163512011850625, 0.07025630191139137, 0.026690358328815462, 0.10300342186741474, 0.06962007153640903, 0.14032727099059342, 0.24389415827750832, 0.1557711329165832, 0.10312781189533943, 0.4182720783024531, 0.16861371313286141, 0.18207983721516938, 0.04409144937116136, 0.06440386383254935, 0.3539022861671047], "FF": [[0, 0.014453241807814564, 0.003406781570767076, 0.008013135517536046, 0.015950982942757264, 0.011697109781873837, 0.019623934747411892, 0.02039150275756217, 0.03637196108677198, 0.10774054451746197, 0.035113383766217414, 0.11703266124627229, 0.10300055534119153, 0.18497534112591107, 0.09549615592462378, 0.06212092642733984, 0.02201668419962483, 0.14937335341951596], [0.014453241807814564, 0, 0.16302290132902816, 0.03256278678423788, 0.10202959189963387, 0.10553823390065602, 1.757333920752069e-06, 0.00037569297377161495, 0.0003250966787991922, 0.0053509061674935875, 0.0854603358132216, 0.04421389437541181, 0.178131299285279, 0.02716398528156852, 0.05934849508755571, 0.0011848417592737678, 0.0013053355344254149, 0.030683802302642813], [0.003406781570767076, 0.16302290132902816, 0, 0.10427854404578946, 0.2073748315025496, 0.05741145932348477, 0.04278915267359067, 0.008754571100659168, 0.007844200220120796, 0.008650131320544754, 0.016310416917685623, 0.02306324346430446, 0.04172166628807649, 0.030813415354257342, 0.005987068511763031, 0.02004659586850704, 0.020144974267047627, 0.04930421545533641], [0.008013135517536046, 0.03256278678423788, 0.10427854404578946, 0, 0.08346609108678954, 0.03571012141059282, 0.04239918797386873, 4.621890582413206e-05, 0.028641547022702968, 0.056023759564165596, 0.026260546274640174, 0.0046482917324093855, 0.015069410242476749, 0.0625199005168924, 0.0017499551750453659, 0.023171691690661418, 0.017410472905160866, 0.08765477418814649], [0.015950982942757264, 0.10202959189963387, 0.2073748315025496, 0.08346609108678954, 0, 0.12018419081757387, 0.09048937650193685, 0.0009188144441587172, 0.04077796648508007, 0.05433337794274233, 0.0751787608027036, 0.07690575534501673, 0.025208454110112, 0.07386511991469458, 0.010737449015635489, 0.01841906012288199, 0.02625467055778278, 0.12446412664629444], [0.011697109781873837, 0.10553823390065602, 0.05741145932348477, 0.03571012141059282, 0.12018419081757387, 0, 0.006488417886785875, 0.0007181910228466499, 0.017604497208348537, 0.03118138463661991, 0.09532494676354666, 0.06371666416431274, 0.005617973867780053, 0.08878445308420044, 0.024353069052841764, 0.0012185947719595587, 0.039894883447046406, 0.12058531683352418], [0.019623934747411892, 1.757333920752069e-06, 0.04278915267359067, 0.04239918797386873, 0.09048937650193685, 0.006488417886785875, 0, 9.152838982949833e-05, 0.08050703356518306, 0.06454395309032714, 0.05420645626199858, 0.004135698258604944, 0.03235577072790927, 0.06356060252090483, 0.00884170441064382, 0.00041985523666087125, 0.03103048631747883, 0.15122810592932306], [0.02039150275756217, 0.00037569297377161495, 0.008754571100659168, 4.621890582413206e-05, 0.0009188144441587172, 0.0007181910228466499, 9.152838982949833e-05, 0, 0.0035660220297390605, 0.10077575450159716, 0.01686694615930928, 0.00925128738674599, 0.11724505944143795, 0.053595851376100054, 0.08615020447018898, 0.06018617428804349, 0.029287726095074712, 0.1172806066000201], [0.03637196108677198, 0.0003250966787991922, 0.007844200220120796, 0.028641547022702968, 0.04077796648508007, 0.017604497208348537, 0.08050703356518306, 0.0035660220297390605, 0, 0.1007233105945538, 0.11305115710778649, 0.009887202044054702, 0.03440017432432043, 0.021597606607298963, 0.015765072071286704, 0.0018668414541446673, 0.008602429515842497, 0.11305115710778664], [0.10774054451746197, 0.0053509061674935875, 0.008650131320544754, 0.056023759564165596, 0.05433337794274233, 0.03118138463661991, 0.06454395309032714, 0.10077575450159716, 0.1007233105945538, 0, 0.24014349779468316, 0.08376485373505727, 0.13043804482500587, 0.3022056160399157, 0.18241244781572613, 0.1281399994854028, 0.07915894183237665, 0.4479813553821195], [0.035113383766217414, 0.0854603358132216, 0.016310416917685623, 0.026260546274640174, 0.0751787608027036, 0.09532494676354666, 0.05420645626199858, 0.01686694615930928, 0.11305115710778649, 0.24014349779468316, 0, 0.08277755327925795, 0.09561157986416481, 0.12388884916411527, 0.08318360718478764, 0.012613610908366601, 0.01681028613521967, 0.13083872819369582], [0.11703266124627229, 0.04421389437541181, 0.02306324346430446, 0.0046482917324093855, 0.07690575534501673, 0.06371666416431274, 0.004135698258604944, 0.00925128738674599, 0.009887202044054702, 0.08376485373505727, 0.08277755327925795, 0, 0.3018725093050226, 0.23871573250554595, 0.16211653047638333, 0.075426656304791, 0.07628154384498104, 0.16550569899391154], [0.10300055534119153, 0.178131299285279, 0.04172166628807649, 0.015069410242476749, 0.025208454110112, 0.005617973867780053, 0.03235577072790927, 0.11724505944143795, 0.03440017432432043, 0.13043804482500587, 0.09561157986416481, 0.3018725093050226, 0, 0.20430961272298964, 0.21546626489935022, 0.04974478954439741, 0.015038377228163875, 0.27273337899753314], [0.18497534112591107, 0.02716398528156852, 0.030813415354257342, 0.0625199005168924, 0.07386511991469458, 0.08878445308420044, 0.06356060252090483, 0.053595851376100054, 0.021597606607298963, 0.3022056160399157, 0.12388884916411527, 0.23871573250554595, 0.20430961272298964, 0, 0.10370359613603791, 0.07866873022453381, 0.14213949356621575, 0.38274516264901925], [0.09549615592462378, 0.05934849508755571, 0.005987068511763031, 0.0017499551750453659, 0.010737449015635489, 0.024353069052841764, 0.00884170441064382, 0.08615020447018898, 0.015765072071286704, 0.18241244781572613, 0.08318360718478764, 0.16211653047638333, 0.21546626489935022, 0.10370359613603791, 0, 0.01118846054609696, 0.078930542042189, 0.21604737648049843], [0.06212092642733984, 0.0011848417592737678, 0.02004659586850704, 0.023171691690661418, 0.01841906012288199, 0.0012185947719595587, 0.00041985523666087125, 0.06018617428804349, 0.0018668414541446673, 0.1281399994854028, 0.012613610908366601, 0.075426656304791, 0.04974478954439741, 0.07866873022453381, 0.01118846054609696, 0, 0.09072369428463685, 0.10027222214298484], [0.02201668419962483, 0.0013053355344254149, 0.020144974267047627, 0.017410472905160866, 0.02625467055778278, 0.039894883447046406, 0.03103048631747883, 0.029287726095074712, 0.008602429515842497, 0.07915894183237665, 0.01681028613521967, 0.07628154384498104, 0.015038377228163875, 0.14213949356621575, 0.078930542042189, 0.09072369428463685, 0, 0.2479252108990562], [0.14937335341951596, 0.030683802302642813, 0.04930421545533641, 0.08765477418814649, 0.12446412664629444, 0.12058531683352418, 0.15122810592932306, 0.1172806066000201, 0.11305115710778664, 0.4479813553821195, 0.13083872819369582, 0.16550569899391154, 0.27273337899753314, 0.38274516264901925, 0.21604737648049843, 0.10027222214298484, 0.2479252108990562, 0]]}