{"FC": [0.04689773503567623, 0.02735784674350254, 0.03478679620808926, 0.18363326073993042, 0.9025523072020154, 0.015605997186845601, 0.10452577200667369, 0.22423844602908688, 0.4139834125523298, 0.007578825007130731, 0.13551259391942255, 0.2836505600504883, 0.2675705516377923, 0.2525291244212218, 0.24418473252375042, 0.0, 0.024508811972955274, 0.03720508858256509, 0.3133667656942859, 0.48156504750853557, 0.2072030187502131, 0.14971018649776097], "FF": [[0, 0.050124668261616344, 0.10879823996454648, 0.05445693921505195, 0.1807510151748872, 0.011497339146951785, 0.004989052907367971, 0.08570462688724556, 0.19118331260138097, 0.08167345335473652, 0.29547424821324436, 0.03310668759844292, 0.032811023097450986, 0.09311677116603163, 0.0895502557512751, 0.0, 0.014917855197403442, 0.04209603101795637, 0.1376189850116936, 0.22350872679189646, 0.17638379509160004, 0.1694207358150557], [0.050124668261616344, 0, 0.10891660978291276, 0.013044347416608856, 0.16560753429126102, 0.03352777111065035, 0.10805764367288945, 0.05856360952871661, 0.1974504792337839, 0.005351007221231954, 0.26157924854005665, 0.05771856760536906, 0.06948142928703133, 0.17948075113718967, 0.18570953743810975, 0.0, 0.042096162301304474, 0.015324322898273275, 0.15030778244583148, 0.1344654615161808, 0.19725699756326195, 0.16560764594350957], [0.10879823996454648, 0.10891660978291276, 0, 0.04000235593851635, 0.5643030300502551, 0.04642464232462597, 0.12031831928941482, 0.1799378547309017, 0.5538850049825008, 0.30298864433377953, 0.4658081956206921, 0.15615613823070135, 0.22308470830901708, 0.38955943932906684, 0.3912050264829373, 0.0, 0.048463385757602645, 0.07999814048613191, 0.42658958574085953, 0.48022672091040236, 0.3393886016075201, 0.4711632073189088], [0.05445693921505195, 0.013044347416608856, 0.04000235593851635, 0, 0.39030736745757927, 0.020505280369286498, 0.07971843103104713, 0.10687888024437533, 0.3722182622566092, 0.0078850218443434, 0.27039746676072135, 0.3103761613553189, 0.2992100819861593, 0.22349463777434034, 0.2363088443439635, 0.0, 0.019670965521047894, 0.00447661064721871, 0.49675449901283714, 0.2909019494750245, 0.07608833239610532, 0.2467445744149404], [0.1807510151748872, 0.16560753429126102, 0.5643030300502551, 0.39030736745757927, 0, 0.03607289114055633, 0.1746207480109525, 0.45617921345321, 0.8560399494555879, 0.29033937636186746, 0.8229207602948829, 0.4273608979311519, 0.49995844061570627, 0.5119239532872121, 0.4973171049952458, 0.0, 0.030855804695085084, 0.13248633344790564, 0.744171985842895, 0.9481685949630346, 0.4527394947778547, 0.48907306068290796], [0.011497339146951785, 0.03352777111065035, 0.04642464232462597, 0.020505280369286498, 0.03607289114055633, 0, 0.0069788647739311505, 0.01415892279413226, 0.11765548941125838, 0.032470211262607206, 0.04037721059523733, 0.009669139700287578, 0.01741736317552784, 0.17203329894814134, 0.17203329894814134, 0.0, 0.15574799490536612, 0.009275593127794898, 0.032229998294519044, 0.11757545179586389, 0.05566181109581785, 0.07627397869989908], [0.004989052907367971, 0.10805764367288945, 0.12031831928941482, 0.07971843103104713, 0.1746207480109525, 0.0069788647739311505, 0, 0.00974873935213649, 0.1033700297824001, 0.005277566058567745, 0.19254900973649558, 0.09983379793011533, 0.09452155196618642, 0.16324785001184153, 0.14202379451682715, 0.0, 0.008714873479256948, 0.03329921336630015, 0.07763648866473294, 0.08926869614266851, 0.29917739026851464, 0.20908233304555218], [0.08570462688724556, 0.05856360952871661, 0.1799378547309017, 0.10687888024437533, 0.45617921345321, 0.01415892279413226, 0.00974873935213649, 0, 0.48851689565327755, 0.03406604010509346, 0.29376445007896557, 0.026843838200251123, 0.01791856700177872, 0.14040448313540077, 0.12160062367131243, 0.0, 0.014574762240279598, 0.044240734219675844, 0.25667091621102034, 0.32536922993985684, 0.22880653490991124, 0.2045685755934246], [0.19118331260138097, 0.1974504792337839, 0.5538850049825008, 0.3722182622566092, 0.8560399494555879, 0.11765548941125838, 0.1033700297824001, 0.48851689565327755, 0, 0.3628717842317607, 0.8061728344524568, 0.3249824090278064, 0.3698944561888117, 0.4982739125535646, 0.5032206551249861, 0.0, 0.11934654842620236, 0.16345108887414578, 0.77061882419735, 0.9485510354997772, 0.5171238827394871, 0.6485276897952675], [0.08167345335473652, 0.005351007221231954, 0.30298864433377953, 0.0078850218443434, 0.29033937636186746, 0.032470211262607206, 0.005277566058567745, 0.03406604010509346, 0.3628717842317607, 0, 0.1289793419476714, 0.08533374056660947, 0.11466362691261862, 0.2693619093989561, 0.28122450194162124, 0.0, 0.03114472088231656, 0.10258587609916861, 0.3396360942683821, 0.1662287281263157, 0.1880287377154678, 0.14101201624542084], [0.29547424821324436, 0.26157924854005665, 0.4658081956206921, 0.27039746676072135, 0.8229207602948829, 0.04037721059523733, 0.19254900973649558, 0.29376445007896557, 0.8061728344524568, 0.1289793419476714, 0, 0.20677785756756797, 0.32378715105827743, 0.44279832736507213, 0.44145659668071024, 0.0, 0.04621091759257975, 0.08557364087555909, 0.6484620152464025, 0.8797387745141126, 0.7003394371997109, 0.6790183760924396], [0.03310668759844292, 0.05771856760536906, 0.15615613823070135, 0.3103761613553189, 0.4273608979311519, 0.009669139700287578, 0.09983379793011533, 0.026843838200251123, 0.3249824090278064, 0.08533374056660947, 0.20677785756756797, 0, 0.4172627770145197, 0.3871974924694038, 0.3703150639272724, 0.0, 0.02383567020126756, 0.021397780718280707, 0.4880595215874523, 0.47723748805870686, 0.19081258873775003, 0.21413767801498074], [0.032811023097450986, 0.06948142928703133, 0.22308470830901708, 0.2992100819861593, 0.49995844061570627, 0.01741736317552784, 0.09452155196618642, 0.01791856700177872, 0.3698944561888117, 0.11466362691261862, 0.32378715105827743, 0.4172627770145197, 0, 0.412438185643935, 0.3981348763981021, 0.0, 0.022269281073629556, 0.029564737216807337, 0.519038492449298, 0.48927775074363866, 0.20649228161934577, 0.22108826186570507], [0.09311677116603163, 0.17948075113718967, 0.38955943932906684, 0.22349463777434034, 0.5119239532872121, 0.17203329894814134, 0.16324785001184153, 0.14040448313540077, 0.4982739125535646, 0.2693619093989561, 0.44279832736507213, 0.3871974924694038, 0.412438185643935, 0, 0.6669265855277142, 0.0, 0.17588692631892425, 0.13134793022547783, 0.5909565597230015, 0.5453322953370128, 0.4449660923114645, 0.44545262463925545], [0.0895502557512751, 0.18570953743810975, 0.3912050264829373, 0.2363088443439635, 0.4973171049952458, 0.17203329894814134, 0.14202379451682715, 0.12160062367131243, 0.5032206551249861, 0.28122450194162124, 0.44145659668071024, 0.3703150639272724, 0.3981348763981021, 0.6669265855277142, 0, 0.0, 0.17327389821161432, 0.1358647981812558, 0.574737476304105, 0.5406065296437568, 0.4435902671013816, 0.44373486429962805], [0.0, 0.0, 0.0, 0.0, 0.0, 0.0, 0.0, 0.0, 0.0, 0.0, 0.0, 0.0, 0.0, 0.0, 0.0, 0, 0.0, 0.0, 0.0, 0.0, 0.0, 0.0], [0.014917855197403442, 0.042096162301304474, 0.048463385757602645, 0.019670965521047894, 0.030855804695085084, 0.15574799490536612, 0.008714873479256948, 0.014574762240279598, 0.11934654842620236, 0.03114472088231656, 0.04621091759257975, 0.02383567020126756, 0.022269281073629556, 0.17588692631892425, 0.17327389821161432, 0.0, 0, 0.0030741361492378763, 0.02724708436531441, 0.1257380148901405, 0.05204351157760291, 0.08683280708659492], [0.04209603101795637, 0.015324322898273275, 0.07999814048613191, 0.00447661064721871, 0.13248633344790564, 0.009275593127794898, 0.03329921336630015, 0.044240734219675844, 0.16345108887414578, 0.10258587609916861, 0.08557364087555909, 0.021397780718280707, 0.029564737216807337, 0.13134793022547783, 0.1358647981812558, 0.0, 0.0030741361492378763, 0, 0.0598930311382027, 0.16962495025352659, 0.13500049943243564, 0.16672261212286743], [0.1376189850116936, 0.15030778244583148, 0.42658958574085953, 0.49675449901283714, 0.744171985842895, 0.032229998294519044, 0.07763648866473294, 0.25667091621102034, 0.77061882419735, 0.3396360942683821, 0.6484620152464025, 0.4880595215874523, 0.519038492449298, 0.5909565597230015, 0.574737476304105, 0.0, 0.02724708436531441, 0.0598930311382027, 0, 0.808515123227147, 0.3679985193560358, 0.30001705035228865], [0.22350872679189646, 0.1344654615161808, 0.48022672091040236, 0.2909019494750245, 0.9481685949630346, 0.11757545179586389, 0.08926869614266851, 0.32536922993985684, 0.9485510354997772, 0.1662287281263157, 0.8797387745141126, 0.47723748805870686, 0.48927775074363866, 0.5453322953370128, 0.5406065296437568, 0.0, 0.1257380148901405, 0.16962495025352659, 0.808515123227147, 0, 0.34367400751670213, 0.43443244538262193], [0.17638379509160004, 0.19725699756326195, 0.3393886016075201, 0.07608833239610532, 0.4527394947778547, 0.05566181109581785, 0.29917739026851464, 0.22880653490991124, 0.5171238827394871, 0.1880287377154678, 0.7003394371997109, 0.19081258873775003, 0.20649228161934577, 0.4449660923114645, 0.4435902671013816, 0.0, 0.05204351157760291, 0.13500049943243564, 0.3679985193560358, 0.34367400751670213, 0, 0.6498714238216209], [0.1694207358150557, 0.16560764594350957, 0.4711632073189088, 0.2467445744149404, 0.48907306068290796, 0.07627397869989908, 0.20908233304555218, 0.2045685755934246, 0.6485276897952675, 0.14101201624542084, 0.6790183760924396, 0.21413767801498074, 0.22108826186570507, 0.44545262463925545, 0.44373486429962805, 0.0, 0.08683280708659492, 0.16672261212286743, 0.30001705035228865, 0.43443244538262193, 0.6498714238216209, 0]]}