{"FC": [0.0, 0.16025825817383724, 0.5039149799259981, 0.3038870118830339, 0.24937524244605155, 0.4170198847889387, 0.29116413841967526, 0.06358336388211343, 0.004403602688358713, 0.35429678772134465, 0.5034025065834505, 0.20874859190452513, 0.31008673171912343, 0.5187365259479918, 0.26547005169326965, 0.06287827623502738, 0.0032002943044273317, 0.2595176359383361, 0.47224488267737186, 0.45082640533484974, 0.5466302497994431, 0.6299665760489271, 0.36766573831505944, 0.038336026825678826, 0.0025235900105634716, 0.32456314914627427, 0.5608649072698593, 0.4409865224099863, 0.6048711054536617, 0.49359505050893515, 0.6056813891457357, 0.00830730048563908, 0.002529147953854841, 0.5545996718131547, 0.6333539794331867, 0.45830475109806845, 0.5549862317311048, 0.4538583431325848, 0.5452113922489285, 0.0, 0.02998958341077059, 0.4191460967479183, 0.6970373647518321, 0.6096815533630848, 0.4568568271809672, 0.3442299570376134, 0.47682446844491244, 0.033564209886375984, 0.020772927121783705, 0.11182499697220409, 0.42552248490495564, 0.3755723480214671, 0.32530927450879304, 0.4633137541354441, 0.5085787875647191, 0.09173299227867701, 0.0017002548992323793, 0.11769437009135833, 0.5055878363829681, 0.3387037045588664, 0.41991818879745674, 0.5615421740247647, 0.4380987890001256, 0.1264084374637119], "FF": [[0, 0.0, 0.0, 0.0, 0.0, 0.0, 0.0, 0.0, 0.0, 0.0, 0.0, 0.0, 0.0, 0.0, 0.0, 0.0, 0.0, 0.0, 0.0, 0.0, 0.0, 0.0, 0.0, 0.0, 0.0, 0.0, 0.0, 0.0, 0.0, 0.0, 0.0, 0.0, 0.0, 0.0, 0.0, 0.0, 0.0, 0.0, 0.0, 0.0, 0.0, 0.0, 0.0, 0.0, 0.0, 0.0, 0.0, 0.0, 0.0, 0.0, 0.0, 0.0, 0.0, 0.0, 0.0, 0.0, 0.0, 0.0, 0.0, 0.0, 0.0, 0.0, 0.0, 0.0], [0.0, 0, 0.33321334117303414, 0.07399959788319443, 0.03965950519591103, 0.030351700723678307, 0.02604102736138768, 0.005913829846901194, 0.00265337063640512, 0.2532171062477632, 0.08614189679338025, 0.04976862431554179, 0.02633403699812606, 0.029659480771926126, 0.02745662798042101, 0.0062818009310878125, 0.000909135077773916, 0.04572520684323661, 0.045401882493782145, 0.044305159431896245, 0.04702177923721065, 0.03422481615138508, 0.0357056711247073, 0.004172259025485662, 0.00017974098981607409, 0.03201747095312654, 0.05796985021480113, 0.025781524381575535, 0.043463723985522534, 0.048612506754736336, 0.0535565633379611, 0.0007198606891699521, 0.00017974098981607409, 0.05205794465949918, 0.0718940269512959, 0.030271230498190985, 0.03870566540023753, 0.055522194923857314, 0.03884323014201626, 0.0, 0.0021063174560384105, 0.04426581042978422, 0.053027261938764524, 0.03162537236774991, 0.041637738342655176, 0.0524374631082444, 0.028428386701464282, 0.0018353636350322733, 0.001502419291306415, 0.06649147105652238, 0.0592608347937662, 0.032294718334101476, 0.031758820000959545, 0.023527238727438848, 0.030296546372534615, 0.007804859943959644, 0.00011981075113819187, 0.31678078969527745, 0.33143751165942464, 0.060843616123035196, 0.03566831870367808, 0.027667436668148873, 0.02688118128246026, 0.010982660845486119], [0.0, 0.33321334117303414, 0, 0.5202038643482281, 0.11147120946250597, 0.07185925734283591, 0.059989870264885385, 0.03338728212330216, 0.004779056490325904, 0.3904142776676939, 0.6003320537247293, 0.1566441139049062, 0.07353995062716523, 0.12104313427287142, 0.07100423768789443, 0.03055488868582076, 0.0033261966489971247, 0.14378417395866294, 0.09629807489998513, 0.24269491506433633, 0.12352434580470248, 0.08648139847007956, 0.08856834615982834, 0.02165520396364696, 0.0014005618500333135, 0.07320646683130856, 0.1350960603724822, 0.07148038377300778, 0.11320031695106296, 0.08036757316029082, 0.10734608854552588, 0.005160689315021361, 0.0016460377420542357, 0.17555976820220454, 0.20290825918442232, 0.08171107430457285, 0.0985039851253257, 0.12405920603285253, 0.08988147302313372, 0.0, 0.019387584021165527, 0.15668062818920728, 0.12958662004914645, 0.11246893749506406, 0.15973576163089218, 0.11895494958600364, 0.07796766247383283, 0.01446858556777386, 0.013806819484445261, 0.1368342731404455, 0.28084166336645955, 0.12103899358042305, 0.11529905265071803, 0.0846226618557419, 0.08065857240701756, 0.029868593533657967, 0.0010970353007168246, 0.29428379504672986, 1.4120752527233786, 0.5041727908051389, 0.12253513109943509, 0.0805596530939862, 0.08624181557085372, 0.051799523750940636], [0.0, 0.07399959788319443, 0.5202038643482281, 0, 0.16010749719056613, 0.10483827084672062, 0.06757557679304736, 0.03992643019020733, 0.0028825742000920776, 0.14821876847933257, 0.3665942723470815, 0.19805394209465796, 0.12225413399415871, 0.09802623342841521, 0.07258279566426379, 0.04129136614452892, 0.003791870547941631, 0.08945162191770932, 0.11881434951177902, 0.16877576365471142, 0.14504499305233085, 0.08008809965054603, 0.0777275679456318, 0.028680722073793165, 0.0012686784219157186, 0.0752588571521584, 0.11596726691578459, 0.07137968633981458, 0.09060544118113027, 0.07437054305033697, 0.08601526228217132, 0.006858998199210237, 0.0037785710560557227, 0.12472872412819738, 0.10511272600516854, 0.0664508845299453, 0.07134711753532352, 0.10964889974904075, 0.062203643616118326, 0.0, 0.028295573024423648, 0.12678803548582712, 0.07527757499030094, 0.06911451092715881, 0.14450302448752053, 0.0934360277250828, 0.08343856523137459, 0.012362206883908282, 0.023513092095520906, 0.06764390768208806, 0.20385868712445443, 0.16457560050976613, 0.12805691489442927, 0.10589929352076699, 0.0799935332262731, 0.028621404967862585, 0.0018920717945274692, 0.057013996407504, 0.4989041762710884, 0.6038371468875706, 0.12442371792883063, 0.09447825102371588, 0.06553532654133402, 0.03994519453523675], [0.0, 0.03965950519591103, 0.11147120946250597, 0.16010749719056613, 0, 0.5594155815079368, 0.12320553600587966, 0.033387781395809196, 0.004222787407520532, 0.05076298843739968, 0.06309644626016138, 0.09204357589686743, 0.24762306385255675, 0.25940304562383476, 0.1156376512737459, 0.029005446047805736, 0.002821685121194743, 0.05433837204688503, 0.0944107885275666, 0.09553730806652615, 0.08857713789570668, 0.11472669504700593, 0.06858985115493246, 0.01892312539476981, 0.001597219110783967, 0.056773991230747944, 0.07746161781149022, 0.06889447865899319, 0.07238136392994662, 0.10402830174414313, 0.08214538428048529, 0.0032802587996170304, 0.0017025455334756482, 0.06184006919152566, 0.0719750699946349, 0.06519088939313841, 0.06663292921210177, 0.07505250133716743, 0.05970542224702541, 0.0, 0.012265312644140713, 0.07688534137657571, 0.09200653314970048, 0.07340473964729391, 0.06959870817778739, 0.07026999256198828, 0.0769217113785778, 0.013035004001187935, 0.008216822625104665, 0.05261139140597037, 0.09264880903575522, 0.08421637206500303, 0.05804289106848095, 0.09453836854113125, 0.1326894722409461, 0.052923334956097856, 0.0008236425901611915, 0.04450593522274857, 0.10074992730824602, 0.093890666318014, 0.1242449307123256, 0.11570992675609756, 0.1339464028273026, 0.08168973143832188], [0.0, 0.030351700723678307, 0.07185925734283591, 0.10483827084672062, 0.5594155815079368, 0, 0.5920705982430806, 0.06214524096225306, 0.005881741884794588, 0.047592703779506716, 0.0688647957601022, 0.11365871866164087, 0.18184939185289786, 0.5474028109374366, 0.417187640577435, 0.05686447298743537, 0.003939609095453564, 0.05802842744404759, 0.11300102666102689, 0.09057814432722164, 0.0665580580792554, 0.14336336395244126, 0.11576053318989674, 0.022655105568754864, 0.0010958140223729501, 0.06159259870803796, 0.062269750909398944, 0.08221089678719498, 0.10018942088827537, 0.11282613610263496, 0.07789386541344741, 0.0030993878335398802, 0.0014051360311179535, 0.06641462800821234, 0.07633930115363001, 0.056877097731507086, 0.08427355604667418, 0.07362034653296132, 0.06868494023394403, 0.0, 0.01249077302354649, 0.08159603734102104, 0.15412120407037458, 0.09325172918442204, 0.09520002568788889, 0.07494567233028948, 0.12081116709094766, 0.017027101201006145, 0.012999978250479789, 0.06143806113379906, 0.12305911374456144, 0.08958522426954126, 0.06938203990073732, 0.1293475588165731, 0.20213346304989321, 0.05932098492224345, 0.001967824928197675, 0.038459495978792585, 0.07395478802314598, 0.09956057228290914, 0.17833738100358726, 0.1674889317366385, 0.17140460321694098, 0.06792492359745522], [0.0, 0.02604102736138768, 0.059989870264885385, 0.06757557679304736, 0.12320553600587966, 0.5920705982430806, 0, 0.15659394027920745, 0.0008696046507265706, 0.04531030272530709, 0.07333477741313517, 0.06860058477904235, 0.11843384047760248, 0.18777271661687517, 0.550963246753138, 0.12093145070056095, 0.0005014482979482365, 0.0631547374187635, 0.0859507739345711, 0.08117752008247933, 0.07290506276183249, 0.08627832702400198, 0.14636680150341752, 0.02743997535182036, 0.0003007808399865709, 0.049325442494927464, 0.07549595347496939, 0.07429297490450038, 0.0892024506013792, 0.09281594274387439, 0.06903395050111068, 0.0025269573311266216, 0.0003007808399865709, 0.06038632270616344, 0.06607079519636185, 0.05121678819258611, 0.07068827934724227, 0.06843693957871085, 0.04907057383829343, 0.0, 0.003525660063736555, 0.06312655667521296, 0.1405739943055694, 0.07531257892658569, 0.08824413245639434, 0.06239599917987523, 0.10565828041750991, 0.0051495634873997345, 0.002996750738802032, 0.038728795083336924, 0.12002449610920735, 0.06523670184338984, 0.059143317288927244, 0.13512187519143257, 0.15322700021927238, 0.022704104801963887, 0.0006854612574962052, 0.02849608998766801, 0.06427807289846398, 0.06303312494478434, 0.1844315402857994, 0.16713301215187495, 0.10384557732093432, 0.023970011290226266], [0.0, 0.005913829846901194, 0.03338728212330216, 0.03992643019020733, 0.033387781395809196, 0.06214524096225306, 0.15659394027920745, 0, 7.984064797604657e-05, 0.019887054817386045, 0.05542587564559511, 0.033567158647857434, 0.049734548749105476, 0.04802130801546511, 0.1386299790121278, 0.1492377470422629, 5.701427091592406e-05, 0.022594503415293492, 0.04127313126189527, 0.0374883195977245, 0.03803212396738602, 0.045831796098224915, 0.09252670273350887, 0.037341892785864986, 3.4199710651568797e-05, 0.02193889230526203, 0.03908672490697097, 0.04049411332307918, 0.04737997130913786, 0.050189652957908386, 0.04967786882299329, 0.0028230074312815224, 3.4199710651568797e-05, 0.02080450564196797, 0.03875567011499793, 0.03432710563951888, 0.038160263876722694, 0.040148243160561266, 0.02710316830375299, 0.0, 0.00040065758427571885, 0.017625763307546005, 0.04486094659926078, 0.043909145532970394, 0.05256207276056801, 0.04507419490596729, 0.029969585775536548, 0.0005850355873911141, 0.000285811824599675, 0.012985458952643077, 0.050695925047085824, 0.04205722157833033, 0.04228853147557378, 0.05904934607220849, 0.031717578918709494, 0.0026779069400878854, 2.279685799513546e-05, 0.005853281382836795, 0.03471486634904045, 0.034770544296235786, 0.07252661302305251, 0.05085287798264013, 0.018494870185274716, 0.0027142500909238467], [0.0, 0.00265337063640512, 0.004779056490325904, 0.0028825742000920776, 0.004222787407520532, 0.005881741884794588, 0.0008696046507265706, 7.984064797604657e-05, 0, 0.012290302080589774, 0.0041390935724607905, 0.003833378857597127, 0.004079574454095686, 0.005349309322649939, 0.0019798491982189505, 8.728496599460241e-05, 0.004461359221153561, 0.009336161314027376, 0.004552171637838786, 0.004911857070843329, 0.003206582158586529, 0.004058134298163107, 0.0011992871445187748, 4.5604961525485425e-05, 1.966093569826651e-06, 0.005062765290651493, 0.004304160916692452, 0.004392627189311761, 0.0034252427873543985, 0.004581624440032549, 0.0013277833941336785, 7.873411490585281e-06, 1.966093569826651e-06, 0.0026451105696260113, 0.00413540071868523, 0.004698602045940477, 0.004356985895828185, 0.004923488249896374, 0.0019779393764347572, 0.0, 2.3031846293782208e-05, 0.0010285652512625582, 0.0050028296391020485, 0.004006138334666487, 0.0046392852951539125, 0.004253480905875404, 0.00343335607628644, 3.362980504093734e-05, 1.6430238071435365e-05, 0.0007351564893752667, 0.006015649861833226, 0.00435975861730957, 0.003743855784150261, 0.0042909116966166104, 0.0036615891777005086, 0.0008830593608156389, 1.3105619753174252e-06, 0.00033615903190765755, 0.005072537488669482, 0.003908084634185502, 0.0034952832629465574, 0.004859642280724802, 0.0020174482341782213, 0.00015596795966346983], [0.0, 0.2532171062477632, 0.3904142776676939, 0.14821876847933257, 0.05076298843739968, 0.047592703779506716, 0.04531030272530709, 0.019887054817386045, 0.012290302080589774, 0, 0.5063199694793732, 0.0883139202691778, 0.05847941649171937, 0.0700390396377476, 0.05879724453021342, 0.020346157270049334, 0.005987474392816796, 0.3721333447881845, 0.09850923480636331, 0.15731196089324476, 0.09951101324410833, 0.060969857979590536, 0.07174763826081194, 0.012952322246783669, 0.0007694286044738883, 0.04884417157024113, 0.09012618116622571, 0.05052267272524661, 0.08659655600073038, 0.06538461937772191, 0.07920387893643825, 0.0024432078346025353, 0.0006098660746905489, 0.1208433406897185, 0.1744028981105644, 0.07102351662104453, 0.07205868645295184, 0.09927188108990574, 0.0697884463611019, 0.0, 0.007154135662740112, 0.09481160600237258, 0.10756260661191067, 0.08039868280753373, 0.10683098919309218, 0.07228624491798019, 0.06955966219446023, 0.00971009377581613, 0.005101339613195997, 0.04910601680828158, 0.09987073722855008, 0.0570966686288315, 0.058261743929238004, 0.06372471040504324, 0.11894880270322085, 0.021794298227729252, 0.00040650821968495987, 0.1208761294042545, 0.3280761536038056, 0.1674493205170848, 0.0566349739935474, 0.0588523288640545, 0.06923834569229009, 0.03174982862949704], [0.0, 0.08614189679338025, 0.6003320537247293, 0.3665942723470815, 0.06309644626016138, 0.0688647957601022, 0.07333477741313517, 0.05542587564559511, 0.0041390935724607905, 0.5063199694793732, 0, 0.2030903061064866, 0.11434085408627877, 0.09626046864723391, 0.09136841379589908, 0.05228622858861716, 0.003286985918030269, 0.337940069284355, 0.26799464131361006, 0.2611256611083122, 0.11881112646854615, 0.07151551167878366, 0.08128143560803354, 0.031088583753917976, 0.0022806454180026446, 0.0544506159552707, 0.07385381492174183, 0.09434425932718629, 0.09024780271053927, 0.07454574013770143, 0.0873768197668716, 0.007704224915534091, 0.002457317152596489, 0.14434028910989766, 0.18157501921782174, 0.09823940906416995, 0.10772698680736861, 0.10879841619723846, 0.0763162464208728, 0.0, 0.028743958913641555, 0.14161666752404534, 0.09171954549659955, 0.12528617956568186, 0.20307175962478846, 0.07742041461684751, 0.09282966536230051, 0.020406072565433756, 0.02076950071561403, 0.08433252870646413, 0.2029083862707514, 0.10397519197052447, 0.12737554736703027, 0.10581945159986514, 0.12636873972016743, 0.04399042319469471, 0.002047556463255662, 0.05998937166651494, 0.46263282109668397, 0.39911325158637856, 0.06919106921238821, 0.07171368804963593, 0.05972226267743457, 0.05217673030912286], [0.0, 0.04976862431554179, 0.1566441139049062, 0.19805394209465796, 0.09204357589686743, 0.11365871866164087, 0.06860058477904235, 0.033567158647857434, 0.003833378857597127, 0.0883139202691778, 0.2030903061064866, 0, 0.130271884841985, 0.11344237525557503, 0.07870983783714365, 0.0295982952509454, 0.003220083168196321, 0.06316921584264298, 0.15151278336976148, 0.29537030247348356, 0.1190801183561194, 0.10501488826184718, 0.058908636601804745, 0.018140824099255458, 0.0015723115689049857, 0.05350755355868401, 0.08152021506354815, 0.07958260055307734, 0.09498982128720919, 0.09557823407900885, 0.06434415433177279, 0.0028241194772482625, 0.0014570578324631057, 0.0661162998138018, 0.0859111372488066, 0.07141156073266032, 0.05369005768245546, 0.07526994787308638, 0.05920225408934757, 0.0, 0.012673924587586339, 0.055985002679650356, 0.09744052438497314, 0.10473641941480773, 0.09568549774589628, 0.05139720533801614, 0.0631440964451593, 0.016147011696337164, 0.009897915953130802, 0.05408092094340967, 0.07525244498952396, 0.19407782566781595, 0.13969469534288256, 0.06364318403322038, 0.06383037764414476, 0.03292096741605616, 0.00164204058681321, 0.034197562555313345, 0.13931282162736655, 0.14364400566321398, 0.09034004579488475, 0.0590611128101518, 0.0629949483452286, 0.035811283928356696], [0.0, 0.02633403699812606, 0.07353995062716523, 0.12225413399415871, 0.24762306385255675, 0.18184939185289786, 0.11843384047760248, 0.049734548749105476, 0.004079574454095686, 0.05847941649171937, 0.11434085408627877, 0.130271884841985, 0, 0.2153817343643512, 0.1302253801588611, 0.039891954323065686, 0.0035481495773779124, 0.05861767378384363, 0.09428935665254722, 0.14496841747877123, 0.39242509377909474, 0.13447734652125065, 0.08855881106793523, 0.021488889069961183, 0.0021986725020301237, 0.06226181583322385, 0.09073845819398538, 0.08903531904124039, 0.11136247303795874, 0.07041333335121251, 0.06927804887906754, 0.0061871882669232965, 0.001970104668749288, 0.06944499202140958, 0.08058602458023169, 0.07266390097827743, 0.06760929105942236, 0.05708056134622025, 0.07426255843586992, 0.0, 0.011978577664532766, 0.07647156011857628, 0.09081862554666896, 0.09448760117246233, 0.08477812500515652, 0.06295925168810554, 0.0770503682846413, 0.01615441722315551, 0.009939998716394161, 0.04410693018457361, 0.07279985355244388, 0.08483597630723894, 0.11018228023329746, 0.07848032317973624, 0.08228108512367738, 0.03830868429347933, 0.000999953136041278, 0.027145778446327384, 0.06369980593992597, 0.09045501991381491, 0.06744027442242137, 0.07877816233602446, 0.07055487654582702, 0.04925905267260043], [0.0, 0.029659480771926126, 0.12104313427287142, 0.09802623342841521, 0.25940304562383476, 0.5474028109374366, 0.18777271661687517, 0.04802130801546511, 0.005349309322649939, 0.0700390396377476, 0.09626046864723391, 0.11344237525557503, 0.2153817343643512, 0, 0.3420940608112656, 0.03808027805174426, 0.004079973511941787, 0.07045577106075313, 0.09859730217841926, 0.13920695505966235, 0.11139477556167977, 0.5296365159813746, 0.20415154414097408, 0.021194602160810774, 0.0016778095075604391, 0.0558631074344378, 0.07763788687113839, 0.08221454909216867, 0.13300570534583311, 0.1805811288577602, 0.12423041020657102, 0.005468432564361409, 0.001810111498191596, 0.0937548566488642, 0.13381316877360436, 0.08626140874436412, 0.09676314570137405, 0.08082805238481634, 0.07741983304842537, 0.0, 0.017045358269531706, 0.09756691798514913, 0.12656621462058695, 0.1491666124805005, 0.07944859474394325, 0.05033740402266702, 0.07022500613753496, 0.020068003810714028, 0.01265551958328354, 0.05351752137120341, 0.08386640422121262, 0.07820497741302967, 0.06555347119589444, 0.09177351234327175, 0.12877812758825072, 0.06373149918871912, 0.0012477464379942098, 0.03727558721225712, 0.10956377438086756, 0.09165296807694227, 0.1236361365370719, 0.10665360145165642, 0.14247053875525204, 0.06991245047342229], [0.0, 0.02745662798042101, 0.07100423768789443, 0.07258279566426379, 0.1156376512737459, 0.417187640577435, 0.550963246753138, 0.1386299790121278, 0.0019798491982189505, 0.05879724453021342, 0.09136841379589908, 0.07870983783714365, 0.1302253801588611, 0.3420940608112656, 0, 0.1613055671111553, 0.001222478137634558, 0.061474739439346955, 0.08884875783801234, 0.08857628982505183, 0.09473948242194125, 0.18097743785611325, 0.3530254764597178, 0.04232499438614091, 0.00046679857316751756, 0.04593552522879246, 0.059525787767824856, 0.06583208814176518, 0.09798824959356027, 0.14414785224916357, 0.10227180759690808, 0.0037962962591161125, 0.0029121376463202716, 0.055281369354963396, 0.07054054070834351, 0.05781619345063713, 0.08527179834134364, 0.06714169179733898, 0.05529873060555356, 0.0, 0.007375928173358158, 0.05706261119898112, 0.10131709390490387, 0.08419163560542653, 0.10121683734479044, 0.06829674112530562, 0.11681400025874815, 0.007420120074754311, 0.00468132544933002, 0.05207354746297512, 0.12883523758884244, 0.0824537888379661, 0.06772483226629931, 0.14924163232811902, 0.1791022734297949, 0.03325109346212401, 0.0007316888262076857, 0.02910778754671607, 0.07679462007351356, 0.07134841294402854, 0.17237465368332866, 0.18409920268461497, 0.13458102315597467, 0.03450531122680888], [0.0, 0.0062818009310878125, 0.03055488868582076, 0.04129136614452892, 0.029005446047805736, 0.05686447298743537, 0.12093145070056095, 0.1492377470422629, 8.728496599460241e-05, 0.020346157270049334, 0.05228622858861716, 0.0295982952509454, 0.039891954323065686, 0.03808027805174426, 0.1613055671111553, 0, 6.233024088237765e-05, 0.022871869139332764, 0.03850637448080427, 0.03591468476880424, 0.03614301851078332, 0.047751175269145116, 0.12994873878769708, 0.07282264027723015, 3.738845319283813e-05, 0.019772962811185523, 0.033622079857782095, 0.0336591062507745, 0.04666573725249775, 0.05203440732662398, 0.06612016305847428, 0.009088673727948828, 0.001737329156869592, 0.024983789577449015, 0.0352157931697305, 0.033844915133830575, 0.037719952937903846, 0.03685926967229357, 0.02590075652715892, 0.0, 0.002836193371946659, 0.02038266505629326, 0.03976634035771043, 0.037862704043032346, 0.05044644629719378, 0.04268205765486356, 0.028623515838366823, 0.0006395894922489372, 0.002010266937040548, 0.014764245224373659, 0.05091820963993105, 0.04019387321022126, 0.03374643622495957, 0.06434627391060892, 0.03480444614937832, 0.0029277224902748175, 2.4922406690392883e-05, 0.005986721399993894, 0.03407562422112082, 0.0355887855268486, 0.06375802699176428, 0.053761436923991775, 0.02038855548433429, 0.002967457863779773], [0.0, 0.000909135077773916, 0.0033261966489971247, 0.003791870547941631, 0.002821685121194743, 0.003939609095453564, 0.0005014482979482365, 5.701427091592406e-05, 0.004461359221153561, 0.005987474392816796, 0.003286985918030269, 0.003220083168196321, 0.0035481495773779124, 0.004079973511941787, 0.001222478137634558, 6.233024088237765e-05, 0, 0.010166432249730982, 0.003925067977083044, 0.0030270249082240577, 0.003781862506265572, 0.004118172578699676, 0.000856355461866049, 3.2566595895354267e-05, 0.002197083597154266, 0.0050287721557920615, 0.004216493009360891, 0.00433779198623303, 0.0028755986693545857, 0.0036107683846461477, 0.0009481002463953232, 5.6224297728477095e-06, 1.403994479279383e-06, 0.0014120753627595317, 0.0031651552587104075, 0.0037922802721214776, 0.004553637344415435, 0.002799239022901205, 0.001695710697504567, 0.0, 1.6447106917219812e-05, 0.0007344592028646262, 0.004090000994393171, 0.0034790174322215225, 0.004565534254893611, 0.0030375546497924326, 0.002008473175991383, 2.401512667303143e-05, 1.1732883578313487e-05, 0.0005249568370183112, 0.0037882626502083096, 0.0037983237903885425, 0.004714789408374481, 0.003531209801933415, 0.0030764069118899267, 0.0001098858072566763, 9.358770438733357e-07, 0.00024004821310360982, 0.003396165946437213, 0.00406496276256318, 0.003589777237633612, 0.0035821835512108526, 0.0030548782698821375, 0.0014755942995089717], [0.0, 0.04572520684323661, 0.14378417395866294, 0.08945162191770932, 0.05433837204688503, 0.05802842744404759, 0.0631547374187635, 0.022594503415293492, 0.009336161314027376, 0.3721333447881845, 0.337940069284355, 0.06316921584264298, 0.05861767378384363, 0.07045577106075313, 0.061474739439346955, 0.022871869139332764, 0.010166432249730982, 0, 0.36189829578535415, 0.14708611127909282, 0.06534011792364551, 0.05797937600339592, 0.06347569565512047, 0.013875672967503904, 0.003542564001697431, 0.2556808134375529, 0.10442230743652896, 0.07514707308195559, 0.058750775090641874, 0.06582884646918272, 0.06865595578221616, 0.0023064071754515846, 0.0007931813721265451, 0.08832431867891882, 0.09996333369062757, 0.08991118452408707, 0.10635609885541422, 0.08434637356994282, 0.08408646349247835, 0.0, 0.009309485936053007, 0.08394739204655399, 0.07078000824565109, 0.0969229432273293, 0.1137887154448814, 0.059436925406576004, 0.08736335416655018, 0.008603365594973208, 0.005976969673206949, 0.044481772655977324, 0.08612867884378947, 0.06678465693330689, 0.05684456753394764, 0.07515456200606174, 0.10194298461101249, 0.030732927036961465, 0.0005286889637813337, 0.028966432779196638, 0.11592698010402348, 0.10819411417002925, 0.06261473803618045, 0.06540598230376546, 0.069166066652913, 0.04069375349180923], [0.0, 0.045401882493782145, 0.09629807489998513, 0.11881434951177902, 0.0944107885275666, 0.11300102666102689, 0.0859507739345711, 0.04127313126189527, 0.004552171637838786, 0.09850923480636331, 0.26799464131361006, 0.15151278336976148, 0.09428935665254722, 0.09859730217841926, 0.08884875783801234, 0.03850637448080427, 0.003925067977083044, 0.36189829578535415, 0, 0.2181168972531115, 0.15269734699523124, 0.09395220633766832, 0.07623792371559417, 0.020574634172634405, 0.0017237109343563601, 0.26522347388822914, 0.3818958707109192, 0.07256850798524836, 0.11411753988832508, 0.07618466427360554, 0.0743020406773701, 0.004069102050537793, 0.0025490767005963083, 0.09877770116288564, 0.0652186184524254, 0.10217353714569682, 0.1384676932686867, 0.08434957833221647, 0.05772572532078173, 0.0, 0.01764829654456508, 0.09255349795199026, 0.09697978250447763, 0.0791520455227079, 0.07031920715561514, 0.07753074675500152, 0.0759179772905268, 0.015627068895706274, 0.014909932383988083, 0.05106575678769086, 0.08145189489536112, 0.07407463265793653, 0.06378424911498949, 0.10217592227393196, 0.07443256382144806, 0.040639715661864396, 0.0017562942951267107, 0.04223681019152103, 0.1009185745424008, 0.10401767194310658, 0.14235204287857853, 0.0959098192233599, 0.07459326271236308, 0.051311705334395656], [0.0, 0.044305159431896245, 0.24269491506433633, 0.16877576365471142, 0.09553730806652615, 0.09057814432722164, 0.08117752008247933, 0.0374883195977245, 0.004911857070843329, 0.15731196089324476, 0.2611256611083122, 0.29537030247348356, 0.14496841747877123, 0.13920695505966235, 0.08857628982505183, 0.03591468476880424, 0.0030270249082240577, 0.14708611127909282, 0.2181168972531115, 0, 0.21981119034087268, 0.1363851758416263, 0.07651760569943358, 0.02276891681854096, 0.002213905583503085, 0.05998059046079466, 0.13317836700392802, 0.2387009642790165, 0.10750330027052762, 0.08084998883086887, 0.07704425591620714, 0.005353087925497354, 0.0019411993669476721, 0.0828101405983279, 0.10877468693276654, 0.06606481428069709, 0.08661290703384066, 0.08141883231034491, 0.07489222307883776, 0.0, 0.020070272441410963, 0.09378277956736433, 0.10100939015944063, 0.12266999221128623, 0.1585940653631259, 0.08681286034578516, 0.08390668902878241, 0.020855250379966248, 0.015214705963969172, 0.0614159725080818, 0.08474886480266128, 0.08307300491495821, 0.16886790397335544, 0.08902880686280165, 0.0780323730211997, 0.03931560201532655, 0.001905367865893059, 0.037955662118694805, 0.19190018602472725, 0.14482613048751666, 0.12181643200696159, 0.06861247775111973, 0.06009492462201115, 0.04449988320214286], [0.0, 0.04702177923721065, 0.12352434580470248, 0.14504499305233085, 0.08857713789570668, 0.0665580580792554, 0.07290506276183249, 0.03803212396738602, 0.003206582158586529, 0.09951101324410833, 0.11881112646854615, 0.1190801183561194, 0.39242509377909474, 0.11139477556167977, 0.09473948242194125, 0.03614301851078332, 0.003781862506265572, 0.06534011792364551, 0.15269734699523124, 0.21981119034087268, 0, 0.28298956602153674, 0.15619079922109952, 0.02233433046410338, 0.0024162345620198267, 0.1373755944342078, 0.20226027918654615, 0.14425175850201624, 0.4028064598306448, 0.1248274888282627, 0.11988376497538168, 0.005118122912654132, 0.0020694064667744353, 0.16736881551371377, 0.18533908349518766, 0.07252514282363542, 0.08985384704877611, 0.09289759249164083, 0.10454429581157933, 0.0, 0.01446601465139143, 0.10926644702973973, 0.0974780010215539, 0.09335744372638233, 0.10100834670256964, 0.08029111972642132, 0.08900373546035234, 0.017374584458225702, 0.013789705629202368, 0.05165101102625199, 0.067830453107384, 0.1036272836963928, 0.09698227693931848, 0.07134785840106961, 0.07243520869742968, 0.031405171019973956, 0.0013235125278188403, 0.046049268098428735, 0.11774148534675652, 0.1145489542428464, 0.05991103179114679, 0.06782337281392657, 0.06581294736531168, 0.05450865832325703], [0.0, 0.03422481615138508, 0.08648139847007956, 0.08008809965054603, 0.11472669504700593, 0.14336336395244126, 0.08627832702400198, 0.045831796098224915, 0.004058134298163107, 0.060969857979590536, 0.07151551167878366, 0.10501488826184718, 0.13447734652125065, 0.5296365159813746, 0.18097743785611325, 0.047751175269145116, 0.004118172578699676, 0.05797937600339592, 0.09395220633766832, 0.1363851758416263, 0.28298956602153674, 0, 0.4107694817257108, 0.030221838315093726, 0.0014485885336652053, 0.055633698673336805, 0.10807334143063908, 0.06992381827353462, 0.15902027214758896, 0.5128892686299724, 0.21975324021585754, 0.003918787165422131, 0.001711892451582651, 0.0817250706262818, 0.10551639252970264, 0.09657866117828762, 0.12272569876442947, 0.11633345276333366, 0.08621434392286016, 0.0, 0.016132917650621928, 0.08329623976794424, 0.09880448352327613, 0.09209890549639815, 0.0626950350926876, 0.06889895248651928, 0.08183971831921016, 0.018784449646045604, 0.012333048047997891, 0.04710262847427318, 0.07550225171246323, 0.08076418624208541, 0.07160294426015981, 0.0870967592677107, 0.1100825877338072, 0.04192065716255918, 0.001811670853008528, 0.03883987616574913, 0.08484195585580431, 0.07382044900933964, 0.08490774761432741, 0.08548472516771462, 0.09871130073461482, 0.049469999839400224], [0.0, 0.0357056711247073, 0.08856834615982834, 0.0777275679456318, 0.06858985115493246, 0.11576053318989674, 0.14636680150341752, 0.09252670273350887, 0.0011992871445187748, 0.07174763826081194, 0.08128143560803354, 0.058908636601804745, 0.08855881106793523, 0.20415154414097408, 0.3530254764597178, 0.12994873878769708, 0.000856355461866049, 0.06347569565512047, 0.07623792371559417, 0.07651760569943358, 0.15619079922109952, 0.4107694817257108, 0, 0.09768597718659425, 0.0005136464965677537, 0.058378707985637164, 0.07072126039598393, 0.08673376389271586, 0.09179475233214429, 0.2988571671335928, 0.39804061574840527, 0.012002948868929266, 0.0036471209367411684, 0.0733213319588476, 0.07521704958429223, 0.09845233000331356, 0.12245951466435635, 0.10959867939278636, 0.11561847706551513, 0.0, 0.010591420475707613, 0.09112913605244173, 0.07268281808440435, 0.0891365841597867, 0.07743912004694199, 0.06916151165555906, 0.07781334387679897, 0.007067685561697887, 0.006692016410608016, 0.044645712407204496, 0.13300378336209212, 0.07850045938690076, 0.06755732837511381, 0.09272124936780886, 0.14141397501263206, 0.029207635123906724, 0.0003423754409286421, 0.030862333657267555, 0.09705206015051161, 0.06883429687258823, 0.07237541349929419, 0.12759882847819146, 0.11529986472089353, 0.03376009895787594], [0.0, 0.004172259025485662, 0.02165520396364696, 0.028680722073793165, 0.01892312539476981, 0.022655105568754864, 0.02743997535182036, 0.037341892785864986, 4.5604961525485425e-05, 0.012952322246783669, 0.031088583753917976, 0.018140824099255458, 0.021488889069961183, 0.021194602160810774, 0.04232499438614091, 0.07282264027723015, 3.2566595895354267e-05, 0.013875672967503904, 0.020574634172634405, 0.02276891681854096, 0.02233433046410338, 0.030221838315093726, 0.09768597718659425, 0, 1.953493500919283e-05, 0.015115845841388581, 0.018002816256641314, 0.01993099597436238, 0.025061966077008467, 0.028213341323864417, 0.06511302083074005, 0.016875856068146986, 0.0017993830653049443, 0.02212111763756107, 0.019932914945798262, 0.01938182298176225, 0.02057999128925628, 0.024117228813054892, 0.017244317523638038, 0.0, 0.004211477832300033, 0.01689202622572695, 0.019836983085065898, 0.02117414333597894, 0.026155177653398726, 0.02274149306999323, 0.01677753065509274, 0.0003341593912259568, 0.004498272331109535, 0.008981856893041606, 0.031390286826536225, 0.026828731631487628, 0.020712485798766694, 0.032617558556297666, 0.018674905341586286, 0.0015293133740760555, 1.3021616690401649e-05, 0.0033418674041540233, 0.023387075839043998, 0.025930313845222284, 0.02335389566641615, 0.028339046871919276, 0.01063159359673288, 0.001550063980818421], [0.0, 0.00017974098981607409, 0.0014005618500333135, 0.0012686784219157186, 0.001597219110783967, 0.0010958140223729501, 0.0003007808399865709, 3.4199710651568797e-05, 1.966093569826651e-06, 0.0007694286044738883, 0.0022806454180026446, 0.0015723115689049857, 0.0021986725020301237, 0.0016778095075604391, 0.00046679857316751756, 3.738845319283813e-05, 0.002197083597154266, 0.003542564001697431, 0.0017237109343563601, 0.002213905583503085, 0.0024162345620198267, 0.0014485885336652053, 0.0005136464965677537, 1.953493500919283e-05, 0, 0.004962788044086103, 0.0012570600395181981, 0.0014400472772505015, 0.002537682963984646, 0.0017550003037958518, 0.0005686704422370665, 3.3725971034380116e-06, 8.421819913199456e-07, 0.0008341617685764247, 0.0023761445946430737, 0.0014979443915458068, 0.002500508916014465, 0.0020083145137408756, 0.0008342891733527948, 0.0, 9.865738756767321e-06, 0.0004405374812831305, 0.0015261028797693029, 0.0018574091080175168, 0.0017187547393896327, 0.0018738205473493369, 0.0008372849742982857, 1.440538094763081e-05, 7.037930919339145e-06, 0.00031488121116498565, 0.0018536148367979388, 0.0015168041293367922, 0.001619865021495913, 0.0018425635709368345, 0.0008018619965348677, 6.591417447202598e-05, 5.613831318578308e-07, 0.00014398972770798395, 0.0016140083788516886, 0.000991217944957076, 0.0014884363750925847, 0.001461199319861891, 0.0004574083147657934, 6.680829520689612e-05], [0.0, 0.03201747095312654, 0.07320646683130856, 0.0752588571521584, 0.056773991230747944, 0.06159259870803796, 0.049325442494927464, 0.02193889230526203, 0.005062765290651493, 0.04884417157024113, 0.0544506159552707, 0.05350755355868401, 0.06226181583322385, 0.0558631074344378, 0.04593552522879246, 0.019772962811185523, 0.0050287721557920615, 0.2556808134375529, 0.26522347388822914, 0.05998059046079466, 0.1373755944342078, 0.055633698673336805, 0.058378707985637164, 0.015115845841388581, 0.004962788044086103, 0, 0.5087079900587227, 0.0902191111674066, 0.12788778844240276, 0.04871142373286541, 0.10652331455860597, 0.003971778729242569, 0.0023573964874028393, 0.3094728481735954, 0.16009687408864465, 0.08005429987546496, 0.10379299248383657, 0.06344929483232502, 0.09093851719561294, 0.0, 0.006799799750156858, 0.09011174374550152, 0.07095113949298253, 0.07590260500457471, 0.06507083218372677, 0.07273344557415616, 0.06443702363023089, 0.007134646455036318, 0.005907004380709518, 0.03762210475345356, 0.08717563471644334, 0.07142377952130431, 0.05404932990751037, 0.07223783882126245, 0.05891240256386574, 0.026234005573928052, 0.0005074834133493762, 0.02734328319591141, 0.0791484348947333, 0.07068227690498445, 0.06525770642242486, 0.0691321650731195, 0.05965289797483232, 0.03287205830381085], [0.0, 0.05796985021480113, 0.1350960603724822, 0.11596726691578459, 0.07746161781149022, 0.062269750909398944, 0.07549595347496939, 0.03908672490697097, 0.004304160916692452, 0.09012618116622571, 0.07385381492174183, 0.08152021506354815, 0.09073845819398538, 0.07763788687113839, 0.059525787767824856, 0.033622079857782095, 0.004216493009360891, 0.10442230743652896, 0.3818958707109192, 0.13317836700392802, 0.20226027918654615, 0.10807334143063908, 0.07072126039598393, 0.018002816256641314, 0.0012570600395181981, 0.5087079900587227, 0, 0.19892603469539202, 0.1859639720722187, 0.07416202670420813, 0.08592668010525478, 0.0038279648946114428, 0.001402110854644288, 0.2815918008364341, 0.3567939626940614, 0.08795286459279765, 0.1061679112943988, 0.07792518383229188, 0.0705083444616133, 0.0, 0.01225765558414278, 0.10688445414775163, 0.15618752854404866, 0.06645951387029482, 0.06961645710429003, 0.10967839849534441, 0.07054458455693348, 0.015070426657875923, 0.012473934960978834, 0.05724134962647381, 0.08929124990468025, 0.06998772587977824, 0.06043623492153047, 0.08565525530388826, 0.06964770745633224, 0.03480589387071426, 0.0014823810577925282, 0.05470160690353249, 0.14583997488760542, 0.0788904001493299, 0.08655216474303368, 0.06385827764515625, 0.08183743395799192, 0.05664115744531317], [0.0, 0.025781524381575535, 0.07148038377300778, 0.07137968633981458, 0.06889447865899319, 0.08221089678719498, 0.07429297490450038, 0.04049411332307918, 0.004392627189311761, 0.05052267272524661, 0.09434425932718629, 0.07958260055307734, 0.08903531904124039, 0.08221454909216867, 0.06583208814176518, 0.0336591062507745, 0.00433779198623303, 0.07514707308195559, 0.07256850798524836, 0.2387009642790165, 0.14425175850201624, 0.06992381827353462, 0.08673376389271586, 0.01993099597436238, 0.0014400472772505015, 0.0902191111674066, 0.19892603469539202, 0, 0.2744571807773394, 0.10050573367991189, 0.10513133658504237, 0.005476160888973564, 0.0025798680168752333, 0.13345163344840544, 0.14991868948932047, 0.194881048498078, 0.13604761720757783, 0.09552209595783819, 0.10236552115582295, 0.0, 0.016472504036116768, 0.12161859222487605, 0.08841816301678293, 0.0937471829377032, 0.05424827301596011, 0.06935176016268436, 0.07149215007878938, 0.01773865421308615, 0.014044929733473864, 0.055094358625941676, 0.07461584465203853, 0.07787901594252958, 0.07276653095211559, 0.06461644710292808, 0.0679472597863486, 0.029093097625923815, 0.0019181424748430764, 0.03317575153095705, 0.07568523459098458, 0.08150021498378487, 0.05576170520916063, 0.05696091799994046, 0.06953458665856602, 0.05479941476981295], [0.0, 0.043463723985522534, 0.11320031695106296, 0.09060544118113027, 0.07238136392994662, 0.10018942088827537, 0.0892024506013792, 0.04737997130913786, 0.0034252427873543985, 0.08659655600073038, 0.09024780271053927, 0.09498982128720919, 0.11136247303795874, 0.13300570534583311, 0.09798824959356027, 0.04666573725249775, 0.0028755986693545857, 0.058750775090641874, 0.11411753988832508, 0.10750330027052762, 0.4028064598306448, 0.15902027214758896, 0.09179475233214429, 0.025061966077008467, 0.002537682963984646, 0.12788778844240276, 0.1859639720722187, 0.2744571807773394, 0, 0.2587241497454462, 0.14795611682860868, 0.004060544046422283, 0.0022204738331982987, 0.2566190242398741, 0.2516861529191987, 0.1373965197067598, 0.2543933389867958, 0.1000469823605944, 0.10635290128376935, 0.0, 0.019888343251013525, 0.23111146733785334, 0.2431818239345356, 0.0994760590758606, 0.09098990168236978, 0.09090825328753806, 0.12093436002677642, 0.017891245209455744, 0.017610770408862875, 0.061437641294376275, 0.10448785514290146, 0.07062884120169222, 0.06682546989601713, 0.08225642360147895, 0.06522996782662284, 0.03196889151691994, 0.0016396396997055012, 0.03707004025262798, 0.12366480561831411, 0.07408755291032451, 0.08362179160612314, 0.07047738913642008, 0.07132734480756371, 0.05367953701605553], [0.0, 0.048612506754736336, 0.08036757316029082, 0.07437054305033697, 0.10402830174414313, 0.11282613610263496, 0.09281594274387439, 0.050189652957908386, 0.004581624440032549, 0.06538461937772191, 0.07454574013770143, 0.09557823407900885, 0.07041333335121251, 0.1805811288577602, 0.14414785224916357, 0.05203440732662398, 0.0036107683846461477, 0.06582884646918272, 0.07618466427360554, 0.08084998883086887, 0.1248274888282627, 0.5128892686299724, 0.2988571671335928, 0.028213341323864417, 0.0017550003037958518, 0.04871142373286541, 0.07416202670420813, 0.10050573367991189, 0.2587241497454462, 0, 0.5127287336030482, 0.006183092514337605, 0.001755911385717626, 0.07383361591205977, 0.06978297033896726, 0.1595270517720395, 0.12612291293167807, 0.35037626070887146, 0.2390179373300437, 0.0, 0.017058949089421065, 0.08769601682674243, 0.10693566170918659, 0.09779866168625949, 0.10033391811560483, 0.08309763853953897, 0.0745961226113302, 0.019281410749622554, 0.013302876226522752, 0.057603260123565224, 0.15053040044861488, 0.08632266763941265, 0.04933597607897603, 0.08062388492891005, 0.10014761559730874, 0.043653141834814675, 0.00179988642788185, 0.04927958964558418, 0.08999356736044838, 0.07522812744999957, 0.07760699876648175, 0.11170125667516917, 0.10656856578613125, 0.0495728076566759], [0.0, 0.0535565633379611, 0.10734608854552588, 0.08601526228217132, 0.08214538428048529, 0.07789386541344741, 0.06903395050111068, 0.04967786882299329, 0.0013277833941336785, 0.0792038789