{"FC": [0.08793216101117102, 0.03206463612762335, 0.022003604692363427, 0.06304141571314303, 0.04939549651617901, 0.0225199055516793, 0.019488132453544457, 0.0631982445518889, 0.0996115701607974, 0.15211397452368938, 0.17228371270643483, 0.2089262463391839, 0.14635076346563014, 0.05377360583736776, 0.04576334476034204, 0.07660892487929968, 0.06979070272324861, 0.043056037586464604, 0.06853149073702165, 0.020379250325701214, 0.05748115168337402, 0.034794002595024326, 0.026425272570095193, 0.045547666559116254, 0.01725643472439268, 0.07557894996206209, 0.03980068373609864, 0.008634762531055008, 0.013334381598406095, 0.06400837090049899, 0.03643105327435921, 0.028694757627788392, 0.00883583643400724, 0.021457550799708933, 0.03688146724287885, 0.13555852834603804, 0.03525402243767539, 0.02125073774350189, 0.06881890888428287, 0.03562079695024792, 0.024265636418208038, 0.03864970243131453, 0.06353286168407632, 0.018508305822208457, 0.1324153491625663, 0.09064469424358107, 0.061755760380394695, 0.11823325950097581, 0.11336539610703769, 0.04033677681180729, 0.05995945808077953, 0.0479494173573929, 0.05618166736972248, 0.12005453947013434, 0.05909876874590298, 0.05632724312828728, 0.008333393045627252, 0.051777583137204576, 0.08611020386585692, 3.335838182356608e-05], "FF": [[0, 0.37470835904835925, 0.21585783604899098, 0.11547313870525469, 0.24479570973980935, 0.1715909832147334, 0.3526285406718062, 0.404732709469349, 0.37345527602873324, 0.35208980079139685, 0.2514828647713059, 0.30478195365004523, 0.25315724405917106, 0.2252124028459474, 0.3349782933895805, 0.31552704815478, 0.2601199032926912, 0.3470384166217045, 0.3288146820396085, 0.09257799867276788, 0.08860099588675838, 0.05548126237088924, 0.16183620549417616, 0.30503598106267327, 0.3101613342695628, 0.29615905823353394, 0.36639175629530696, 0.18892159844985457, 0.20182515717508373, 0.19692130515744788, 0.16108471416187467, 0.15913586283231418, 0.14210810820743702, 0.23471266535989657, 0.14406292948032318, 0.28084538767740186, 0.1733559395560405, 0.2638027229504256, 0.35220943565600554, 0.2605149979799743, 0.18883934793820106, 0.19626619388833955, 0.1732447880734961, 0.12723372438248554, 0.3768430778517513, 0.2522884539441761, 0.10855711472186927, 0.26790327806428554, 0.23455832292145104, 0.05192943134400656, 0.04621704993721691, 0.03966653241595721, 0.2628243917989967, 0.338771727802747, 0.18568987836088363, 0.2071597739335945, 0.22692334152287283, 0.26004262751473345, 0.28374097922340896, 0.10680126498890183], [0.37470835904835925, 0, 0.2814820880269348, 0.07314951924651716, 0.13911259501446552, 0.08104250547068771, 0.14944361270756534, 0.2441353307773301, 0.16426557497973057, 0.2043712835253565, 0.16702806998396183, 0.08591230968944358, 0.1980666222178582, 0.1065951194677981, 0.20860795634903614, 0.23702921425514498, 0.16837870407349162, 0.08715064115091277, 0.07022598711622487, 0.06606553213943751, 0.029254896762516216, 0.018807541735470515, 0.07213249394053078, 0.11341150228925438, 0.16133509654775027, 0.13205992857665572, 0.2368319583604286, 0.07903489142330211, 0.07771801211582444, 0.09259077072168276, 0.029029627254000386, 0.02638711795091009, 0.054107904224303685, 0.09483305773161607, 0.07289013480131663, 0.13935799583681824, 0.09624340437050632, 0.1407821228358302, 0.11363238853031213, 0.04411615875150904, 0.07772237764371483, 0.09735189710897756, 0.032002325516617774, 0.0365495967169396, 0.14795241201998127, 0.09114793031754503, 0.03922031405392059, 0.11474367047736264, 0.19007911165601205, 0.026176195590834696, 0.03384669165578034, 0.024059345318030688, 0.11170948964429206, 0.2329255963773634, 0.14158536764479887, 0.16404650978922497, 0.12203881439655434, 0.1363826490997148, 0.11573986312982669, 0.07509833777735346], [0.21585783604899098, 0.2814820880269348, 0, 0.07325136934790177, 0.06677043547003877, 0.06324657081724677, 0.04437077166301445, 0.11638049798241859, 0.08300400383310688, 0.1250084093555014, 0.07819864508310032, 0.05691410998109309, 0.06105891859732222, 0.05725496300713925, 0.12303996060077325, 0.087809446559249, 0.041122795513082504, 0.04059557813195928, 0.03213958658954207, 0.0771203629327297, 0.06460817504043759, 0.017746938575328296, 0.04794684751409395, 0.06738366517694326, 0.04636570933774232, 0.051679284115830115, 0.0818661665071093, 0.044825105742900447, 0.06233902429917158, 0.04102302859283007, 0.00912848117214159, 0.002274567305361708, 0.014696260396532029, 0.04557113436863998, 0.05674204956971754, 0.05492249936888512, 0.030106663845127477, 0.04557373894842756, 0.050749415936727035, 0.0862966647421179, 0.1069449019837082, 0.07277113492085502, 0.019645394675733563, 0.02507110777072262, 0.11006637753501411, 0.08620029517190494, 0.03339906838019796, 0.08021763889096573, 0.03588586545054004, 0.004002165272533737, 0.01995981758037512, 0.05951383601082, 0.06814409105586335, 0.12380967987561975, 0.06475035197721905, 0.05828312445250415, 0.08599723136229165, 0.07489726101624596, 0.1171320377547358, 0.08482568399340008], [0.11547313870525469, 0.07314951924651716, 0.07325136934790177, 0, 0.13650065824228536, 0.04717558135300185, 0.07906609696973482, 0.117180723518074, 0.09931175864721592, 0.06652910790107924, 0.08826376354925307, 0.05188634728916848, 0.09930177993149591, 0.06304818910594585, 0.06596695092386987, 0.0815877199036594, 0.045513813543917266, 0.059249745919998556, 0.07847331645068793, 0.03483967275263904, 0.021670837855279134, 0.02617041579099623, 0.014475949615253472, 0.03596525184141424, 0.027176621705431097, 0.05763768454598673, 0.0767642647847637, 0.04313677704672254, 0.047274514605326834, 0.023039442197955298, 0.036638283360489465, 0.04165975124741861, 0.04119532467089956, 0.03427595997945811, 0.008134820753482111, 0.07380245283102368, 0.020180660412115442, 0.01781821140161037, 0.022606839264012357, 0.04206608905013662, 0.06529145092194578, 0.03281383365962324, 0.030821913142023045, 0.004699498596188428, 0.0291901831055834, 0.020595709838855395, 0.004817532249997438, 0.027071871928740658, 0.045600714414266365, 0.0056166280750689045, 0.020158836742019882, 0.038023516993784715, 0.04802471243762671, 0.10165876849966607, 0.041417151895718256, 0.09465359227742659, 0.08100955248431933, 0.08075283350160326, 0.18305732780144263, 0.017764258715655665], [0.24479570973980935, 0.13911259501446552, 0.06677043547003877, 0.13650065824228536, 0, 0.24036793160399467, 0.30009488103932225, 0.21875309851107008, 0.1390928515739595, 0.15196141465424, 0.14669773641384642, 0.13550532810807267, 0.17688295810485674, 0.15362061284929734, 0.26096016520664067, 0.2493956158758051, 0.2760194281292373, 0.19941464042663654, 0.28568784558622273, 0.06752526567805148, 0.08041778961670284, 0.048266477494210716, 0.0785303325582153, 0.13038606873960953, 0.1662505347707406, 0.13126201392568967, 0.20314540338654571, 0.10683051988738926, 0.17704143966263514, 0.1383288274187936, 0.1440674533888476, 0.09852369878535923, 0.09048735359512886, 0.12444485697665704, 0.0762764035872759, 0.15879710791000473, 0.16682989408698298, 0.14970200745593618, 0.23306675096944315, 0.1237349412971398, 0.06761875496090292, 0.0980687251876339, 0.07694658893228827, 0.014970547888535033, 0.1289342581893096, 0.0934703196296516, 0.09854436591672316, 0.21612205930104486, 0.07856011645833987, 0.009669161035535891, 0.02619015050945464, 0.03454206704111684, 0.08408745436008107, 0.16895108777191054, 0.10265633352277645, 0.07661170981604674, 0.09872554078047868, 0.06957649718669962, 0.2573177605386708, 0.09323223500549233], [0.1715909832147334, 0.08104250547068771, 0.06324657081724677, 0.04717558135300185, 0.24036793160399467, 0, 0.5838902395466845, 0.28854854988255674, 0.23683663489870918, 0.23946917368199763, 0.17580063655762293, 0.1710466573853325, 0.19117494037103944, 0.19819237292928826, 0.27114868868942216, 0.13642516133851884, 0.23683073991582415, 0.22617323703065173, 0.1597077570524728, 0.07177953383438321, 0.0633790976938402, 0.05637504634845959, 0.07235362864488651, 0.06663814666113313, 0.13822194166569365, 0.11914571407465521, 0.13541910175767902, 0.09031578105767342, 0.1744000862056903, 0.10378677000500669, 0.056922519987128266, 0.04908381330579396, 0.06269169142381514, 0.18598892822777924, 0.07010657297373636, 0.16984965855261377, 0.11045734271997017, 0.10155680913916669, 0.1644083465464228, 0.10195982677720533, 0.041140897426792764, 0.06696731791443618, 0.05173443258086767, 0.012523424867908146, 0.24959245620992826, 0.08353969521511156, 0.03244584278023012, 0.1502162127076529, 0.08850649614278211, 0.02007635125763357, 0.01829092369928194, 0.02929509851055235, 0.11854975702496667, 0.2129399805950943, 0.05363968364947808, 0.06179779871374644, 0.08514734479175923, 0.09825181484514202, 0.11973363720885567, 0.045004673586038546], [0.3526285406718062, 0.14944361270756534, 0.04437077166301445, 0.07906609696973482, 0.30009488103932225, 0.5838902395466845, 0, 0.6568917267423221, 0.3404190953471388, 0.4195261792667368, 0.29460304139276616, 0.21072689784328522, 0.2864698473718206, 0.22816413065645802, 0.37702017672223287, 0.2866643797797521, 0.2613067838753947, 0.3670455204127403, 0.2525713947783917, 0.10694109007702299, 0.09558026979490655, 0.08025550578659914, 0.14652279398583326, 0.15351938536271528, 0.22623560449045044, 0.20972930256086159, 0.20594868753805598, 0.1266816431604932, 0.28522166616723826, 0.28016181610217783, 0.2358883671042068, 0.1765883315304518, 0.20563230249921466, 0.18297304431253886, 0.17053579989218962, 0.31071064162395984, 0.20686838734936214, 0.2492263303928665, 0.2702028840332376, 0.22758301113395132, 0.14170385619142706, 0.14410477778700478, 0.1904101899145923, 0.07869046965658845, 0.23283391168108963, 0.136520559590328, 0.05911161164560216, 0.26491341145817254, 0.2024540228655271, 0.044523977962862726, 0.07480440230730617, 0.06084132752208045, 0.1626596006454461, 0.3418814079673161, 0.16565925521988178, 0.1832594034997167, 0.19401008040283652, 0.0933629698344226, 0.2397363210777071, 0.03846349480482629], [0.404732709469349, 0.2441353307773301, 0.11638049798241859, 0.117180723518074, 0.21875309851107008, 0.28854854988255674, 0.6568917267423221, 0, 0.7331534683662809, 0.5890992260161925, 0.41887908286771003, 0.31338579804709327, 0.3198598577496103, 0.28190779247392317, 0.4518331108291006, 0.38218550634370774, 0.3385605658637753, 0.35461132735882234, 0.2349426569990712, 0.09518399412553721, 0.11081831999302193, 0.10415195670831748, 0.1722682183725131, 0.23687549624429677, 0.28567155494175567, 0.2542227181442937, 0.31470986214949254, 0.21113984136703892, 0.24648474175387408, 0.20113327480506316, 0.20888847357920498, 0.1546419835702388, 0.2038056420213062, 0.26890549734459673, 0.20043805754510724, 0.4278837526065906, 0.27086807902837806, 0.3758713646275182, 0.4536937510151137, 0.21691618572733337, 0.2195076502458459, 0.16068255040951426, 0.18099168476665944, 0.07988566292813437, 0.37112549776349124, 0.20055990760267536, 0.13970950092161522, 0.35767259621188624, 0.35073273324806226, 0.10201307028153375, 0.09082132507757998, 0.059431873127809336, 0.11756539129247424, 0.3499131403863011, 0.13589209409413838, 0.14713440300751204, 0.2170473406140821, 0.1722374837574525, 0.1982878939913874, 0.05221500130284998], [0.37345527602873324, 0.16426557497973057, 0.08300400383310688, 0.09931175864721592, 0.1390928515739595, 0.23683663489870918, 0.3404190953471388, 0.7331534683662809, 0, 0.9521623324395301, 0.6245165954232436, 0.3494700949432825, 0.37652823382632433, 0.3172455222908569, 0.4045193178533542, 0.34645155284995266, 0.2936479644362103, 0.2465286358504722, 0.1719200426836539, 0.10852305888419855, 0.08851586937771139, 0.07784825470343629, 0.1994112251845808, 0.24984314832403792, 0.2589314937986008, 0.24786214507098236, 0.31179816126159227, 0.16480695199375117, 0.21340561154922696, 0.2013850327193677, 0.25961545942799935, 0.13621228164354252, 0.21951285091617986, 0.28250073168251, 0.2921254972789237, 0.44913203141991553, 0.20689595741259767, 0.36729934371119716, 0.35209064685782954, 0.26966609710390826, 0.19641694230405268, 0.2423877964986918, 0.18649660574149743, 0.06877620015269259, 0.3589324891927816, 0.20010931339030408, 0.2033400789783187, 0.34917728854720553, 0.31107188283066717, 0.05972490421970811, 0.11860738070269312, 0.03503704236650995, 0.16018569440300273, 0.3785523105495967, 0.15200809855264724, 0.17596874677879326, 0.1346663954244007, 0.1529117969710812, 0.18916726443677276, 0.04163208962148117], [0.35208980079139685, 0.2043712835253565, 0.1250084093555014, 0.06652910790107924, 0.15196141465424, 0.23946917368199763, 0.4195261792667368, 0.5890992260161925, 0.9521623324395301, 0, 0.8429478812922377, 0.4897850343371035, 0.5351145435600182, 0.30034692001838614, 0.4746903503935812, 0.3952615835234162, 0.284660032725533, 0.349869427876763, 0.22122378551837948, 0.16994181957760435, 0.17243951212597045, 0.19740044963001285, 0.23352320896490528, 0.32329492720768643, 0.3130749090592545, 0.3501721585648775, 0.2951480580811033, 0.2084993918257068, 0.2986377798164985, 0.20240718153077183, 0.17526473780037466, 0.17147606129915388, 0.18126077836798538, 0.3171682544822053, 0.2150744550091557, 0.41518949579076747, 0.2784193315590961, 0.38331394014020487, 0.3362152232597909, 0.37056693058724066, 0.21410191892367067, 0.13356507857300245, 0.2106412572070003, 0.05909457061539946, 0.3709034310493838, 0.27223066480556485, 0.11494545381335332, 0.33668437243656785, 0.40706689076561087, 0.14913224328981448, 0.08302781847337555, 0.059503719471413016, 0.18264193192621309, 0.3503555506206983, 0.18152308962961095, 0.14099677488016704, 0.1703190882231069, 0.16663390030698716, 0.2088909570638017, 0.04611413963960172], [0.2514828647713059, 0.16702806998396183, 0.07819864508310032, 0.08826376354925307, 0.14669773641384642, 0.17580063655762293, 0.29460304139276616, 0.41887908286771003, 0.6245165954232436, 0.8429478812922377, 0, 0.8642352312917394, 0.7431767003291602, 0.3344754603429476, 0.408388648239326, 0.3697235743433634, 0.3288391422710447, 0.39412505604787773, 0.23592605586075613, 0.16734775373402827, 0.1394580664364687, 0.10366887109686118, 0.1669444756744556, 0.22504317008662858, 0.256270137653314, 0.221219652764211, 0.297868675747061, 0.1626893367828713, 0.2585226459575517, 0.20167306481143926, 0.23414506517640765, 0.13362124318188348, 0.2188190253982257, 0.2717841384809594, 0.14575944681205813, 0.27373110592059013, 0.23514820201820766, 0.22092234060133742, 0.24636499290149846, 0.19490228735982826, 0.22313131272061407, 0.13148460183885274, 0.1392876889192924, 0.04590069773219576, 0.27206572352249947, 0.1756105613426353, 0.1118197214142769, 0.2808460425654386, 0.24387403828221357, 0.07778162488147272, 0.07104116832051818, 0.02843747282080658, 0.13341203871217047, 0.3429646112468065, 0.20794758843864164, 0.12148494922993375, 0.15116784701483368, 0.11483116333652651, 0.20545879512567589, 0.027911128270961684], [0.30478195365004523, 0.08591230968944358, 0.05691410998109309, 0.05188634728916848, 0.13550532810807267, 0.1710466573853325, 0.21072689784328522, 0.31338579804709327, 0.3494700949432825, 0.4897850343371035, 0.8642352312917394, 0, 0.9446059321160072, 0.3504666378370769, 0.388689574608439, 0.3612817703123348, 0.42202092550495646, 0.4247213547388755, 0.22319599318577454, 0.16643382138509638, 0.08053205960226127, 0.07507250520870282, 0.10904943716677645, 0.14868439698635455, 0.2925322356708832, 0.2566345132632585, 0.16412692158264452, 0.1845151378120507, 0.2865324795896277, 0.3343858349587134, 0.17338182572612126, 0.09409574620287744, 0.12329639978844095, 0.21332661560079397, 0.19368946333854337, 0.35509045311807147, 0.19409655874405835, 0.28953836915683334, 0.2638569086708378, 0.18621078819115794, 0.23159388858614943, 0.1836562644058622, 0.18815133218586522, 0.0457890496190832, 0.2914934400528319, 0.29417007718929317, 0.12356733743677065, 0.3279056835456335, 0.26925814037931267, 0.06920360473260026, 0.022971819959784607, 0.043604022443844884, 0.17030412516945584, 0.30709882342996353, 0.09516484384177913, 0.1076008840845479, 0.09973902139878865, 0.06769019700673405, 0.1770314859408755, 0.06536459191139798], [0.25315724405917106, 0.1980666222178582, 0.06105891859732222, 0.09930177993149591, 0.17688295810485674, 0.19117494037103944, 0.2864698473718206, 0.3198598577496103, 0.37652823382632433, 0.5351145435600182, 0.7431767003291602, 0.9446059321160072, 0, 0.6807735756350756, 0.5458944138902164, 0.4358646953829665, 0.42939681251678824, 0.5266897536451397, 0.34541144717942984, 0.17071923285022245, 0.1767039450073273, 0.1372713084392704, 0.10694167564558812, 0.16809035632221422, 0.2290602615565108, 0.17686425959283678, 0.2373403897902145, 0.2391444577854981, 0.290230888811869, 0.2942836122894241, 0.17031365279566263, 0.14407101584586063, 0.19384426292076787, 0.16798802982946837, 0.26499484619311975, 0.3636438970647281, 0.2894462859842898, 0.26570206041647665, 0.24089349589626427, 0.1792072163261118, 0.2079369656024796, 0.20618469447366136, 0.12018395443290837, 0.05813492740545594, 0.30575952662866673, 0.13215859144853412, 0.17616131641415161, 0.28179092211351825, 0.23911665252316652, 0.07312529538840452, 0.03483693699128993, 0.05125034442727849, 0.12292916427235272, 0.3830653142166971, 0.19102304998309066, 0.1878396335633841, 0.09334064873981604, 0.1364329812569798, 0.24425531909230933, 0.04166228021418422], [0.2252124028459474, 0.1065951194677981, 0.05725496300713925, 0.06304818910594585, 0.15362061284929734, 0.19819237292928826, 0.22816413065645802, 0.28190779247392317, 0.3172455222908569, 0.30034692001838614, 0.3344754603429476, 0.3504666378370769, 0.6807735756350756, 0, 0.8778744825292261, 0.5712862565214709, 0.5325545606625898, 0.43910729427083317, 0.3728209430047462, 0.1775961660338242, 0.1985073469994783, 0.12225746233890229, 0.0958653444128273, 0.10351526276460238, 0.16819788568082336, 0.18276073741166415, 0.18845753309139707, 0.14292475078205907, 0.24652914691022546, 0.2342039710143647, 0.16376302874547619, 0.11408444051683295, 0.19130452716692417, 0.18194418394946754, 0.12779863778043318, 0.18818996331834473, 0.11017177714744064, 0.13964052529951382, 0.24244254602340443, 0.19594738924684757, 0.07474608906916533, 0.10179074436952376, 0.10320673390792967, 0.028629734134466345, 0.16840758884077434, 0.12947972564223187, 0.06530145737607798, 0.1273788750538562, 0.09604403924029542, 0.0258727371856111, 0.08633078556143767, 0.07006557665790175, 0.0600750828032074, 0.24623593310471537, 0.13074925621152644, 0.08625208741972362, 0.09321209525455212, 0.10446968759368165, 0.22080338682061443, 0.08007143028158284], [0.3349782933895805, 0.20860795634903614, 0.12303996060077325, 0.06596695092386987, 0.26096016520664067, 0.27114868868942216, 0.37702017672223287, 0.4518331108291006, 0.4045193178533542, 0.4746903503935812, 0.408388648239326, 0.388689574608439, 0.5458944138902164, 0.8778744825292261, 0, 1.252365600909253, 0.8265347774658357, 0.8512885723924649, 0.4571591029844819, 0.21415478757435952, 0.2045744062251304, 0.11097351277207719, 0.17002041100658372, 0.21458965509877867, 0.2422051037856371, 0.31204113567780195, 0.2700602586506618, 0.2412879421659443, 0.40709276477226336, 0.3783722222203515, 0.3695624218604024, 0.30711366818280883, 0.44825018410468287, 0.39568488791776324, 0.3189675513202015, 0.43483952194747333, 0.28312466261490593, 0.30393969761546713, 0.32262280244309055, 0.24967925327307977, 0.22675400278093982, 0.370597979646236, 0.2539483013286259, 0.09925001221528004, 0.35580666847240655, 0.2525318033666428, 0.1809771208830491, 0.32954806984660107, 0.2717208578425816, 0.08065650805964501, 0.09288703930254036, 0.04179772424962811, 0.1969468166312557, 0.451456820536376, 0.20719515267578106, 0.18992898447796785, 0.25649716622796315, 0.15101014578895974, 0.2984271216746141, 0.08318779458347722], [0.31552704815478, 0.23702921425514498, 0.087809446559249, 0.0815877199036594, 0.2493956158758051, 0.13642516133851884, 0.2866643797797521, 0.38218550634370774, 0.34645155284995266, 0.3952615835234162, 0.3697235743433634, 0.3612817703123348, 0.4358646953829665, 0.5712862565214709, 1.252365600909253, 0, 1.2536381856717487, 1.0152255332621176, 0.6952220591670153, 0.18904766218068125, 0.23479437335807246, 0.10115040978498654, 0.12953047674255763, 0.20443099004971968, 0.2581311796905046, 0.29581680076120065, 0.29070244548545887, 0.3078823304866426, 0.37090890410257404, 0.42567473213520207, 0.297853240126901, 0.3529880037847882, 0.4178623999783624, 0.3498584859175275, 0.27901610115827724, 0.29404966772584196, 0.22209291773313874, 0.35775576468187575, 0.3560448147110433, 0.3169321491905705, 0.2706464859152214, 0.25297392829314697, 0.2552917451408675, 0.13872593367407454, 0.4752595133629443, 0.24291085353953631, 0.10366584884950517, 0.2738194319767782, 0.23470025448795184, 0.13040556497399997, 0.08961623937932042, 0.06536425556452787, 0.2090364609353362, 0.4800791418319657, 0.2298923125144346, 0.18464427993458654, 0.2903197274044135, 0.16662595085103402, 0.2206709579739122, 0.11149728788348623], [0.2601199032926912, 0.16837870407349162, 0.041122795513082504, 0.045513813543917266, 0.2760194281292373, 0.23683073991582415, 0.2613067838753947, 0.3385605658637753, 0.2936479644362103, 0.284660032725533, 0.3288391422710447, 0.42202092550495646, 0.42939681251678824, 0.5325545606625898, 0.8265347774658357, 1.2536381856717487, 0, 1.3686407700386194, 0.7677348723722675, 0.2009879229379525, 0.19655043789347773, 0.18618731431316518, 0.10948965463965098, 0.1866024349847429, 0.2042574030608703, 0.2808172909209884, 0.2982316013205927, 0.2881457761980266, 0.3569895628622743, 0.48643563474806395, 0.2984739978776533, 0.26161912527683384, 0.3541756244649985, 0.3761083024996062, 0.19247942599569345, 0.38393954333960373, 0.29074216816661136, 0.3015462902795537, 0.33591763833128796, 0.3099109868134119, 0.24487763268953813, 0.2396566641320887, 0.3206779304908158, 0.12222081810666928, 0.4451205347570157, 0.27487405977624213, 0.12490805671670298, 0.28814969285973274, 0.18375210970245018, 0.09861245187999955, 0.06918143582049201, 0.017410824786368496, 0.19450312988927101, 0.3925858286562022, 0.10282244190594397, 0.09163601815712336, 0.18249614129015335, 0.17118577433901636, 0.2880706320151367, 0.05545970129694777], [0.3470384166217045, 0.08715064115091277, 0.04059557813195928, 0.059249745919998556, 0.19941464042663654, 0.22617323703065173, 0.3670455204127403, 0.35461132735882234, 0.2465286358504722, 0.349869427876763, 0.39412505604787773, 0.4247213547388755, 0.5266897536451397, 0.43910729427083317, 0.8512885723924649, 1.0152255332621176, 1.3686407700386194, 0, 1.0266126786202574, 0.28722842964266154, 0.23990373755306868, 0.231164575705043, 0.1724961973785669, 0.2908723990407111, 0.36829084265801454, 0.35599446648736655, 0.36842458746154194, 0.3892138261965645, 0.4462718343849899, 0.598870729397243, 0.41663925208028957, 0.3237482728817867, 0.4103044416134302, 0.48495369750726747, 0.3691776571505886, 0.41210870094440294, 0.2851295751447944, 0.3334629590513062, 0.30535779701879795, 0.3192010544527717, 0.4329870425595377, 0.29418879413609095, 0.39380152069337615, 0.15021614279713438, 0.4188290282893908, 0.3541226963124559, 0.19628968612595765, 0.45060984221901546, 0.46036656080081284, 0.13858146573545135, 0.09581636707988811, 0.024670351597223514, 0.1757058831774615, 0.389233152018361, 0.15690176484669044, 0.13392815919430315, 0.3618442146647823, 0.20946468619822006, 0.350535994269216, 0.07995184437289743], [0.3288146820396085, 0.07022598711622487, 0.03213958658954207, 0.07847331645068793, 0.28568784558622273, 0.1597077570524728, 0.2525713947783917, 0.2349426569990712, 0.1719200426836539, 0.22122378551837948, 0.23592605586075613, 0.22319599318577454, 0.34541144717942984, 0.3728209430047462, 0.4571591029844819, 0.6952220591670153, 0.7677348723722675, 1.0266126786202574, 0, 0.514746537482476, 0.31535380340180486, 0.18340035398456306, 0.12993652834996594, 0.19055844128666843, 0.20927706617838593, 0.17110956918441841, 0.20378831036666534, 0.2581357674693976, 0.32728380674569474, 0.37701047238335694, 0.36674703854361046, 0.2294818727751573, 0.32259883772972325, 0.23600853795945254, 0.22927445947869138, 0.34589004801662426, 0.18374289819765582, 0.28733188752633537, 0.2664945401999708, 0.22520307800636544, 0.20009665273470553, 0.17357194090819147, 0.19356914400858563, 0.1408280673803904, 0.4664009280659077, 0.24362551140027186, 0.12649573941726364, 0.2802897201480059, 0.19437027868996448, 0.09018937489023512, 0.04406596664397591, 0.02287927904978155, 0.16082523589994094, 0.33488714474563785, 0.10803455141034171, 0.11346232372157422, 0.13714514073144696, 0.07097105118652516, 0.1757743091513504, 0.02297119611688972], [0.09257799867276788, 0.06606553213943751, 0.0771203629327297, 0.03483967275263904, 0.06752526567805148, 0.07177953383438321, 0.10694109007702299, 0.09518399412553721, 0.10852305888419855, 0.16994181957760435, 0.16734775373402827, 0.16643382138509638, 0.17071923285022245, 0.1775961660338242, 0.21415478757435952, 0.18904766218068125, 0.2009879229379525, 0.28722842964266154, 0.514746537482476, 0, 0.3326422481448836, 0.14828830269912713, 0.11718521507810534, 0.1096133345813601, 0.14967889834849943, 0.10266980085621914, 0.06139422122880082, 0.095611525011249, 0.10404491432884769, 0.10386183432958253, 0.12327738520219042, 0.12764511564351294, 0.10283796578657059, 0.12921061301184966, 0.13934556807511078, 0.1245877149763282, 0.12535511071993719, 0.24677448717477105, 0.17897312744795874, 0.13402519241106844, 0.09767326699543948, 0.10253615172411773, 0.0720257625422764, 0.03327493146255702, 0.08373119260500496, 0.14022165394967043, 0.12020196981449915, 0.16970762492633162, 0.13992547876927164, 0.03499099028422497, 0.047510314408754806, 0.005002115594649321, 0.023676539092968515, 0.14285431027141596, 0.10864953516378376, 0.056705482952633696, 0.06329470086119762, 0.07449775763061753, 0.09350102100291076, 0.035450295539120616], [0.08860099588675838, 0.029254896762516216, 0.06460817504043759, 0.021670837855279134, 0.08041778961670284, 0.0633790976938402, 0.09558026979490655, 0.11081831999302193, 0.08851586937771139, 0.17243951212597045, 0.1394580664364687, 0.08053205960226127, 0.1767039450073273, 0.1985073469994783, 0.2045744062251304, 0.23479437335807246, 0.19655043789347773, 0.23990373755306868, 0.31535380340180486, 0.3326422481448836, 0, 0.22792561459714694, 0.14234563387135207, 0.13511557667034085, 0.15988838752252582, 0.12534735592388302, 0.08739609790014824, 0.04289881502430773, 0.08611649636252262, 0.08854106535376047, 0.09211508018946372, 0.09884425923155979, 0.16410585916177578, 0.15942902579687773, 0.08572291606851659, 0.17165351347370442, 0.13903765919233824, 0.1482211847887219, 0.12187272131031228, 0.1783200164604181, 0.15652837890443397, 0.12440500970228732, 0.09241406222674961, 0.03865863871206156, 0.13840753269245565, 0.13288198952459546, 0.09299324896307994, 0.14388668098208318, 0.16789229168938075, 0.06811088939869837, 0.02554338998606974, 0.048369476637479106, 0.03173026678193873, 0.13657717196586577, 0.10229259978950148, 0.08454324748440112, 0.07761479943817748, 0.05164327034755101, 0.07745561972476472, 0.009594096913877515], [0.05548126237088924, 0.018807541735470515, 0.017746938575328296, 0.02617041579099623, 0.048266477494210716, 0.05637504634845959, 0.08025550578659914, 0.10415195670831748, 0.07784825470343629, 0.19740044963001285, 0.10366887109686118, 0.07507250520870282, 0.1372713084392704, 0.12225746233890229, 0.11097351277207719, 0.10115040978498654, 0.18618731431316518, 0.231164575705043, 0.18340035398456306, 0.14828830269912713, 0.22792561459714694, 0, 0.1949560793985441, 0.13367302167753636, 0.1711360310965934, 0.15475497963960425, 0.15024683963282542, 0.04401920643974861, 0.07929861167381076, 0.0825560818741459, 0.06106840993349705, 0.059228348001183574, 0.08452174657419688, 0.13637298649066215, 0.09151766800922584, 0.1993296579588754, 0.17476556610889263, 0.19875924957308444, 0.13371130854539948, 0.1737540447722736, 0.11384553440511565, 0.1157573225461003, 0.08628406991996652, 0.03625973278763138, 0.09459581576282149, 0.07031676045439315, 0.06753818138105175, 0.11354440920491443, 0.11398638423641871, 0.03621965170507828, 0.03673972794779998, 0.01662447133502385, 0.09603101490430282, 0.13322676353474136, 0.04983464339483656, 0.056564648106345705, 0.06865285223379153, 0.06893146385608129, 0.08524762102941567, 0.03025447627489527], [0.16183620549417616, 0.07213249394053078, 0.04794684751409395, 0.014475949615253472, 0.0785303325582153, 0.07235362864488651, 0.14652279398583326, 0.1722682183725131, 0.1994112251845808, 0.23352320896490528, 0.1669444756744556, 0.10904943716677645, 0.10694167564558812, 0.0958653444128273, 0.17002041100658372, 0.12953047674255763, 0.10948965463965098, 0.1724961973785669, 0.12993652834996594, 0.11718521507810534, 0.14234563387135207, 0.1949560793985441, 0, 0.4423418612169652, 0.383406221156299, 0.23791714125563151, 0.2250767972699823, 0.07190735087804326, 0.08238722440555023, 0.08190933202859939, 0.07009633263543696, 0.0927051410645726, 0.09880824688899414, 0.1762815699057118, 0.13310086638299293, 0.2467641788368082, 0.18023745724183238, 0.2566751525085783, 0.2356664885385187, 0.2352482239566724, 0.12206995760773132, 0.1520703156177819, 0.09723432015730159, 0.022147724011103747, 0.1436560307665183, 0.07588385649351859, 0.045400425841530284, 0.12281790061209127, 0.13591314922884287, 0.046827955246609966, 0.014364554951047936, 0.0060679594933766064, 0.1821913926520311, 0.20208430119848286, 0.0977298224107202, 0.08120925098266554, 0.07429430335676644, 0.11270680811889865, 0.09226174513153183, 0.03297160054030983], [0.30503598106267327, 0.11341150228925438, 0.06738366517694326, 0.03596525184141424, 0.13038606873960953, 0.06663814666113313, 0.15351938536271528, 0.23687549624429677, 0.24984314832403792, 0.32329492720768643, 0.22504317008662858, 0.14868439698635455, 0.16809035632221422, 0.10351526276460238, 0.21458965509877867, 0.20443099004971968, 0.1866024349847429, 0.2908723990407111, 0.19055844128666843, 0.1096133345813601, 0.13511557667034085, 0.13367302167753636, 0.4423418612169652, 0, 0.6643508989053095, 0.36667801270717143, 0.404457973814922, 0.13905090575639778, 0.15796527122383372, 0.16178068284598912, 0.1459001507822002, 0.12803748189240213, 0.14076781752233486, 0.2361116581090701, 0.15077170693170747, 0.31024186484903404, 0.2051157547279675, 0.3226021930169445, 0.29116675586124513, 0.27226209481072605, 0.18117703982876593, 0.1706240754813751, 0.12986964428694595, 0.0978332005724449, 0.2194979248355637, 0.16183845627816584, 0.09915432648761549, 0.1957161657251998, 0.21500893731385182, 0.05761298846921729, 0.03248711456014198, 0.030939763681503155, 0.20298210671460287, 0.21017148296908722, 0.13602406948429463, 0.12222479755226681, 0.11513737785925164, 0.1827138903944583, 0.18269396355744597, 0.06426564857470438], [0.3101613342695628, 0.16133509654775027, 0.04636570933774232, 0.027176621705431097, 0.1662505347707406, 0.13822194166569365, 0.22623560449045044, 0.28567155494175567, 0.2589314937986008, 0.3130749090592545, 0.256270137653314, 0.2925322356708832, 0.2290602615565108, 0.16819788568082336, 0.2422051037856371, 0.2581311796905046, 0.2042574030608703, 0.36829084265801454, 0.20927706617838593, 0.14967889834849943, 0.15988838752252582, 0.1711360310965934, 0.383406221156299, 0.6643508989053095, 0, 0.7681071535417043, 0.40007115843294583, 0.19050017216102133, 0.23487737563171343, 0.22203692454219717, 0.1548362799535357, 0.11757646474106269, 0.15954435753282467, 0.23113012217551973, 0.16874548022046618, 0.3600825302383845, 0.20815237461397126, 0.35796574275781534, 0.39950724336119975, 0.3081586207115291, 0.26889307735210727, 0.21095804897289616, 0.12894808885896267, 0.02761315219070239, 0.25053571169704103, 0.29388235934798307, 0.06388963066717773, 0.261183500868705, 0.2450659646497139, 0.11348176347433916, 0.0849011333492935, 0.025734623573678464, 0.21505554206309696, 0.31974529614050096, 0.15978429248660536, 0.13445280536612578, 0.1618719043485558, 0.12694560996463103, 0.2499023057906678, 0.08637150743631272], [0.29615905823353394, 0.13205992857665572, 0.051679284115830115, 0.05763768454598673, 0.13126201392568967, 0.11914571407465521, 0.20972930256086159, 0.2542227181442937, 0.24786214507098236, 0.3501721585648775, 0.221219652764211, 0.2566345132632585, 0.17686425959283678, 0.18276073741166415, 0.31204113567780195, 0.29581680076120065, 0.2808172909209884, 0.35599446648736655, 0.17110956918441841, 0.10266980085621914, 0.12534735592388302, 0.15475497963960425, 0.23791714125563151, 0.36667801270717143, 0.7681071535417043, 0, 0.7224607513310289, 0.3524524365375661, 0.2411339705674902, 0.2998022622319187, 0.21908796463864863, 0.09517654427143007, 0.16203614192924928, 0.32012910150568463, 0.19885446225272846, 0.44918678704969883, 0.2331681431580041, 0.31559039359260205, 0.3049451312807064, 0.2989464836210268, 0.2598225614113465, 0.2214931537302638, 0.11954118145818594, 0.12143785745303072, 0.29711526329725846, 0.2198394381654022, 0.09430214237782188, 0.26799955290074823, 0.3066237399269469, 0.08364520023030772, 0.07946294750193594, 0.026341532575801185, 0.21834056440068134, 0.2971223674983719, 0.17319142278182942, 0.11663145403590741, 0.19577840196879315, 0.2594603723586085, 0.259339638879968, 0.03876622618557109], [0.36639175629530696, 0.2368319583604286, 0.0818661665071093, 0.0767642647847637, 0.20314540338654571, 0.13541910175767902, 0.20594868753805598, 0.31470986214949254, 0.31179816126159227, 0.2951480580811033, 0.297868675747061, 0.16412692158264452, 0.2373403897902145, 0.18845753309139707, 0.2700602586506618, 0.29070244548545887, 0.2982316013205927, 0.36842458746154194, 0.20378831036666534, 0.06139422122880082, 0.08739609790014824, 0.15024683963282542, 0.2250767972699823, 0.404457973814922, 0.40007115843294583, 0.7224607513310289, 0, 0.6421222070046663, 0.4228281068950378, 0.26361125612732467, 0.23012021892353185, 0.11150727581443753, 0.15164816960663258, 0.22524873558961261, 0.15766815162795644, 0.33500762642111914, 0.23526801137881437, 0.3057520501757478, 0.3303195563093611, 0.25034841369284483, 0.24125337268917796, 0.18539738835343395, 0.12708386918274045, 0.06717653665154588, 0.23230306618112778, 0.19807243355045343, 0.108676886413401, 0.2013725966251323, 0.23996544163871997, 0.09302617112456227, 0.03921564024091709, 0.036144463807991016, 0.2090348196266713, 0.31182195710343125, 0.179662369526292, 0.14046050229847945, 0.1495806719993275, 0.17198346783331234, 0.2667454001994297, 0.07558692500745853], [0.18892159844985457, 0.07903489142330211, 0.044825105742900447, 0.04313677704672254, 0.10683051988738926, 0.09031578105767342, 0.1266816431604932, 0.21113984136703892, 0.16480695199375117, 0.2084993918257068, 0.1626893367828713, 0.1845151378120507, 0.2391444577854981, 0.14292475078205907, 0.2412879421659443, 0.3078823304866426, 0.2881457761980266, 0.3892138261965645, 0.2581357674693976, 0.095611525011249, 0.04289881502430773, 0.04401920643974861, 0.07190735087804326, 0.13905090575639778, 0.19050017216102133, 0.3524524365375661, 0.6421222070046663, 0, 0.6005828317744757, 0.2919299530504571, 0.18092281467776783, 0.15742371770620806, 0.1204440061709619, 0.11710849271809103, 0.10622607697148134, 0.2748777866140913, 0.1477452172697655, 0.14787565229167954, 0.20393148157666716, 0.24267162255515418, 0.15533693798602105, 0.09061933551229467, 0.10262073617944927, 0.0720803784653562, 0.1814794193650331, 0.14699747924037815, 0.06908332959055713, 0.13619652103373972, 0.18758006516977427, 0.018928489940194068, 0.02913466863678077, 0.013838108532897304, 0.06107197154114948, 0.14507710701444515, 0.06805031938021024, 0.08044776919278485, 0.076293805139531, 0.0916347631904159, 0.19715982290241285, 0.03557841550985209], [0.20182515717508373, 0.07771801211582444, 0.06233902429917158, 0.047274514605326834, 0.17704143966263514, 0.1744000862056903, 0.28522166616723826, 0.24648474175387408, 0.21340561154922696, 0.2986377798164985, 0.2585226459575517, 0.2865324795896277, 0.290230888811869, 0.24652914691022546, 0.40709276477226336, 0.37090890410257404, 0.3569895628622743, 0.4462718343849899, 0.32728380674569474, 0.10404491432884769, 0.08611649636252262, 0.07929861167381076, 0.08238722440555023, 0.15796527122383372, 0.23487737563171343, 0.2411339705674902, 0.4228281068950378, 0.6005828317744757, 0, 0.7843444722690778, 0.4475571337453299, 0.22147818039321102, 0.16987690394587768, 0.2025479591881747, 0.15289500715957827, 0.2933506739410495, 0.1711599309697083, 0.2628067363532065, 0.2396261496450277, 0.2831102087985221, 0.23640752658680314, 0.1538652548936915, 0.11617570041635762, 0.09340504416311199, 0.22432030113010032, 0.16657245895339134, 0.11455564937213264, 0.21970449984066703, 0.22199180727865242, 0.09834987244043823, 0.05001687495922341, 0.02790739502385571, 0.11433894328580124, 0.3044817963874938, 0.1284224013407696, 0.08747761541234853, 0.18522359401035465, 0.14605941332618405, 0.2704919997420272, 0.044432828125302644], [0.19692130515744788, 0.09259077072168276, 0.04102302859283007, 0.023039442197955298, 0.1383288274187936, 0.10378677000500669, 0.28016181610217783, 0.20113327480506316, 0.2013850327193677, 0.20240718153077183, 0.20167306481143926, 0.3343858349587134, 0.2942836122894241, 0.2342039710143647, 0.3783722222203515, 0.42567473213520207, 0.48643563474806395, 0.598870729397243, 0.37701047238335694, 0.10386183432958253, 0.08854106535376047, 0.0825560818741459, 0.08190933202859939, 0.16178068284598912, 0.22203692454219717, 0.2998022622319187, 0.26361125612732467, 0.2919299530504571, 0.7843444722690778, 0, 0.6634158223472928, 0.3269390008206391, 0.3838185780388055, 0.2919337053971519, 0.22501478578098139, 0.29636427279206234, 0.2032314879044937, 0.2079035600818298, 0.3247011997373799, 0.25147169286872295, 0.3049755837111712, 0.19288366629637807, 0.18827768136387757, 0.12551024638144814, 0.26496142782052606, 0.23433643720886208, 0.1392957600809805, 0.28177982499331256, 0.19986601434407827, 0.06588140310591456, 0.06186532549336812, 0.019875622463086273, 0.15732113831472455, 0.24721299508222055, 0.11343711644280288, 0.08077311651058361, 0.11968229769086826, 0.05979765883467011, 0.2735319855770055, 0.04198481412010049], [0.16108471416187467, 0.029029627254000386, 0.00912848117214159, 0.036638283360489465, 0.1440674533888476, 0.056922519987128266, 0.2358883671042068, 0.20888847357920498, 0.25961545942799935, 0.17526473780037466, 0.23414506517640765, 0.17338182572612126, 0.17031365279566263, 0.16376302874547619, 0.3695624218604024, 0.297853240126901, 0.2984739978776533, 0.41663925208028957, 0.36674703854361046, 0.12327738520219042, 0.09211508018946372, 0.06106840993349705, 0.07009633263543696, 0.1459001507822002, 0.1548362799535357, 0.21908796463864863, 0.23012021892353185, 0.18092281467776783, 0.4475571337453299, 0.6634158223472928, 0, 0.6459287907392606, 0.3414742185310492, 0.2713600377317744, 0.14274374632756476, 0.2240565589441927, 0.15505702570131283, 0.2218348955241856, 0.1928351920227142, 0.1984161059647236, 0.14429650473044636, 0.14229416935918976, 0.06925317934151112, 0.05542608729577774, 0.2411601135401064, 0.18044608934188605, 0.08380949087733895, 0.27750427063080585, 0.180095398834058, 0.033656040836740855, 0.042854225362790835, 0.03751187808511766, 0.060048267263090795, 0.29282621922407087, 0.1271209372603777, 0.09145464283641919, 0.07955508776010198, 0.0753947645305004, 0.21064456049773894, 0.05171565410417565], [0.15913586283231418, 0.02638711795091009, 0.002274567305361708, 0.04165975124741861, 0.09852369878535923, 0.04908381330579396, 0.1765883315304518, 0.1546419835702388, 0.13621228164354252, 0.17147606129915388, 0.13362124318188348, 0.09409574620287744, 0.14407101584586063, 0.11408444051683295, 0.30711366818280883, 0.3529880037847882, 0.26161912527683384, 0.3237482728817867, 0.2294818727751573, 0.12764511564351294, 0.09884425923155979, 0.059228348001183574, 0.0927051410645726, 0.12803748189240213, 0.11757646474106269, 0.09517654427143007, 0.11150727581443753, 0.15742371770620806, 0.22147818039321102, 0.3269390008206391, 0.6459287907392606, 0, 0.4839985469275453, 0.2647489982997358, 0.1398995