{"FC": [0.03214824944621284, 0.04086165712574262, 0.02749826993492164, 0.04457666248515357, 0.029010156127717422, 0.033788601040889994, 0.04841009461260643, 0.04371663732129044, 0.012612560507592598, 0.027026311294766743, 0.04959652576003566, 0.05643357148867921, 0.08038010397552797, 0.014790156122392956, 0.029968215104669644, 0.05236217146104831, 0.05225001383345539, 0.03778438252376237, 0.007162221650000494, 0.034966071154953884, 0.06071240323950492, 0.07887084952124507], "FF": [[0, 0.04858673886142126, 0.013739005265814057, 0.014032482409258598, 0.5531533255785006, 0.038809112049387556, 0.01994241767820914, 0.004441758422702401, 0.009077714832653308, 0.4373906680276267, 0.02742515971359743, 0.015829847755072513, 0.0032051247858940167, 0.01761852379047646, 0.038076460541957347, 0.05986702712108852, 0.01685277331959866, 0.012921004005798046, 0.13713617855668364, 0.0827966427818839, 0.002568413633028406, 0.007795260849472123], [0.04858673886142126, 0, 0.047176349824698455, 0.0046941166329190626, 0.0539480908762144, 0.14571294348574274, 0.20560964284438893, 0.0023021772922266585, 0.003456371799164918, 0.04473203778713934, 0.09310673255821625, 0.19844145933033877, 0.01717089440105505, 0.00022775117849114027, 0.009393029103522924, 0.06837847091254726, 0.07190245198189843, 0.04269608056712269, 0.03739380939478526, 0.02902434724829414, 0.016162257780691858, 0.014847415079136034], [0.013739005265814057, 0.047176349824698455, 0, 0.06801833869735259, 0.008933132902244019, 0.0072215827306582395, 0.025510761860129863, 0.2302242495627086, 0.047176349824698455, 0.008344703143828278, 0.0029929366113891458, 0.04221366944253177, 0.2419241699635843, 0.0222775353688238, 0.054607272203660656, 0.059396037592755746, 0.00798932796113943, 0.0459933503936453, 0.0008387688707536881, 0.02198358585081886, 0.11956977128141417, 0.048583915380256124], [0.014032482409258598, 0.0046941166329190626, 0.06801833869735259, 0, 0.002294412713836097, 0.009194901927256558, 0.00415066953203861, 0.03797124132405914, 0.31793763943995584, 0.008056860993667838, 0.00790569523256869, 0.006763611622853955, 0.02947455312982522, 0.1902669458606105, 0.14637319599152382, 0.06043347413395092, 0.0017071208533353654, 0.005882316728203513, 0.008262030173112077, 0.05745397107488266, 0.037663653597246806, 0.00693010405535795], [0.5531533255785006, 0.0539480908762144, 0.008933132902244019, 0.002294412713836097, 0, 0.05276750255060632, 0.01772193031850028, 0.0020036884846348184, 0.022055492327423737, 0.40027272029588884, 0.0312669561502067, 0.006198469164575452, 0.003119449845318919, 0.01496209663396364, 0.052715915111574314, 0.04702895528852723, 0.003522116396456134, 0.0009756530136292687, 0.14632364080227597, 0.058156776676175956, 0.004203410476035993, 0.005364117395004794], [0.038809112049387556, 0.14571294348574274, 0.0072215827306582395, 0.009194901927256558, 0.05276750255060632, 0, 0.04769970238888966, 0.0005042444653835555, 0.0038518286050063764, 0.026109154260912856, 0.3297861620062708, 0.037320987765677716, 2.5139318988593546e-05, 0.004018351111393145, 0.020486019272681122, 0.01931935749604017, 0.023061264487117462, 0.004601083654673958, 0.08427495614025217, 0.025293475467486302, 0.0012100497870955514, 0.005489072156668447], [0.01994241767820914, 0.20560964284438893, 0.025510761860129863, 0.00415066953203861, 0.01772193031850028, 0.04769970238888966, 0, 0.030911636849815648, 0.0031171411365887233, 0.03913307296374462, 0.06503237934051086, 0.34831082354284904, 0.022629368414649083, 0.0014495080253366967, 0.011177264325353011, 0.02780287918312642, 0.06201675541073741, 0.025839913545815503, 0.006093565325406447, 0.005833396141438962, 0.06759272739183, 0.02813612043621426], [0.004441758422702401, 0.0023021772922266585, 0.2302242495627086, 0.03797124132405914, 0.0020036884846348184, 0.0005042444653835555, 0.030911636849815648, 0, 0.046034757843191484, 0.0019051761656320582, 9.520009989123692e-05, 0.03971202558180863, 0.25946241406244114, 0.022093407779327237, 0.0365271627182088, 0.018824149857764372, 0.0022768785986882114, 0.006518709697237432, 0.003216567230842609, 0.003911083586916195, 0.172539122047777, 0.022547020303747535], [0.009077714832653308, 0.003456371799164918, 0.047176349824698455, 0.31793763943995584, 0.022055492327423737, 0.0038518286050063764, 0.0031171411365887233, 0.046034757843191484, 0, 0.016162257780691858, 0.0010329410178767859, 0.0009713681224647781, 0.01717089440105505, 0.27374923941594775, 0.17744316215744094, 0.04755250593579985, 0.004652782541712669, 0.0022118113850511135, 0.029282571017230898, 0.02217765770800166, 0.02196767030181445, 0.0014823136372925007], [0.4373906680276267, 0.04473203778713934, 0.008344703143828278, 0.008056860993667838, 0.40027272029588884, 0.026109154260912856, 0.03913307296374462, 0.0019051761656320582, 0.016162257780691858, 0, 0.02333641753979327, 0.010841400829181634, 0.006714671431877126, 0.005624822323502317, 0.02375894213067492, 0.006221110490269802, 5.463312776267555e-05, 0.007110354173460086, 0.1304219816498418, 0.0358449267557201, 0.005819990093113261, 0.006120664694004855], [0.02742515971359743, 0.09310673255821625, 0.0029929366113891458, 0.00790569523256869, 0.0312669561502067, 0.3297861620062708, 0.06503237934051086, 9.520009989123692e-05, 0.0010329410178767859, 0.02333641753979327, 0, 0.05242274456018757, 0.0013759858016929808, 0.0011054217130820644, 0.006945779099002507, 0.011930550441705004, 0.06552975648954104, 0.02487418603741275, 0.05636578852354468, 0.0227895336255534, 0.0077929144949095835, 0.022479302999800027], [0.015829847755072513, 0.19844145933033877, 0.04221366944253177, 0.006763611622853955, 0.006198469164575452, 0.037320987765677716, 0.34831082354284904, 0.03971202558180863, 0.0009713681224647781, 0.010841400829181634, 0.05242274456018757, 0, 0.0527412083011517, 0.0002233521410712168, 0.00378386246815178, 0.03258422087625844, 0.09722597996398465, 0.05593131163013179, 0.0009713681224647781, 0.01219232086119234, 0.08243323766663824, 0.0450947911002252], [0.0032051247858940167, 0.01717089440105505, 0.2419241699635843, 0.02947455312982522, 0.003119449845318919, 2.5139318988593546e-05, 0.022629368414649083, 0.25946241406244114, 0.01717089440105505, 0.006714671431877126, 0.0013759858016929808, 0.0527412083011517, 0, 0.03073870600075794, 0.040516849594814004, 0.016857082435397575, 0.026598001058535707, 0.027574440006652094, 0.0011693134160103685, 0.00499414109788765, 0.1900124179316287, 0.12252322570897141], [0.01761852379047646, 0.00022775117849114027, 0.0222775353688238, 0.1902669458606105, 0.01496209663396364, 0.004018351111393145, 0.0014495080253366967, 0.022093407779327237, 0.27374923941594775, 0.005624822323502317, 0.0011054217130820644, 0.0002233521410712168, 0.03073870600075794, 0, 0.11019943018177067, 0.03365739569779556, 0.004609778582986498, 0.0012478337820243952, 0.023747704047921717, 0.025293475467486302, 0.019591495638465482, 0.0009758706887079416], [0.038076460541957347, 0.009393029103522924, 0.054607272203660656, 0.14637319599152382, 0.052715915111574314, 0.020486019272681122, 0.011177264325353011, 0.0365271627182088, 0.17744316215744094, 0.02375894213067492, 0.006945779099002507, 0.00378386246815178, 0.040516849594814004, 0.11019943018177067, 0, 0.07920820169075117, 5.489227708184137e-06, 0.0019077441133722181, 0.031535913924325476, 0.05597094035128845, 0.03242058640236313, 0.0299500076591539], [0.05986702712108852, 0.06837847091254726, 0.059396037592755746, 0.06043347413395092, 0.04702895528852723, 0.01931935749604017, 0.02780287918312642, 0.018824149857764372, 0.04755250593579985, 0.006221110490269802, 0.011930550441705004, 0.03258422087625844, 0.016857082435397575, 0.03365739569779556, 0.07920820169075117, 0, 0.011305113494454927, 0.04561617975799073, 0.030508276477483443, 0.1261768656473503, 0.025830281568751466, 0.02888459718225169], [0.01685277331959866, 0.07190245198189843, 0.00798932796113943, 0.0017071208533353654, 0.003522116396456134, 0.023061264487117462, 0.06201675541073741, 0.0022768785986882114, 0.004652782541712669, 5.463312776267555e-05, 0.06552975648954104, 0.09722597996398465, 0.026598001058535707, 0.004609778582986498, 5.489227708184137e-06, 0.011305113494454927, 0, 0.08260191026077482, 0.011165249098631515, 0.020296980086809413, 0.01284910937280101, 0.011582115766607257], [0.012921004005798046, 0.04269608056712269, 0.0459933503936453, 0.005882316728203513, 0.0009756530136292687, 0.004601083654673958, 0.025839913545815503, 0.006518709697237432, 0.0022118113850511135, 0.007110354173460086, 0.02487418603741275, 0.05593131163013179, 0.027574440006652094, 0.0012478337820243952, 0.0019077441133722181, 0.04561617975799073, 0.08260191026077482, 0, 0.021256083441967246, 0.019216412033070465, 0.03022590832235207, 0.021558984589255367], [0.13713617855668364, 0.03739380939478526, 0.0008387688707536881, 0.008262030173112077, 0.14632364080227597, 0.08427495614025217, 0.006093565325406447, 0.003216567230842609, 0.029282571017230898, 0.1304219816498418, 0.05636578852354468, 0.0009713681224647781, 0.0011693134160103685, 0.023747704047921717, 0.031535913924325476, 0.030508276477483443, 0.011165249098631515, 0.021256083441967246, 0, 0.055072713205571416, 0.01195254694952106, 0.0020767739494711897], [0.0827966427818839, 0.02902434724829414, 0.02198358585081886, 0.05745397107488266, 0.058156776676175956, 0.025293475467486302, 0.005833396141438962, 0.003911083586916195, 0.02217765770800166, 0.0358449267557201, 0.0227895336255534, 0.01219232086119234, 0.00499414109788765, 0.025293475467486302, 0.05597094035128845, 0.1261768656473503, 0.020296980086809413, 0.019216412033070465, 0.055072713205571416, 0, 6.195625615054235e-05, 0.0012891671283493458], [0.002568413633028406, 0.016162257780691858, 0.11956977128141417, 0.037663653597246806, 0.004203410476035993, 0.0012100497870955514, 0.06759272739183, 0.172539122047777, 0.02196767030181445, 0.005819990093113261, 0.0077929144949095835, 0.08243323766663824, 0.1900124179316287, 0.019591495638465482, 0.03242058640236313, 0.025830281568751466, 0.01284910937280101, 0.03022590832235207, 0.01195254694952106, 6.195625615054235e-05, 0, 0.10912726124275617], [0.007795260849472123, 0.014847415079136034, 0.048583915380256124, 0.00693010405535795, 0.005364117395004794, 0.005489072156668447, 0.02813612043621426, 0.022547020303747535, 0.0014823136372925007, 0.006120664694004855, 0.022479302999800027, 0.0450947911002252, 0.12252322570897141, 0.0009758706887079416, 0.0299500076591539, 0.02888459718225169, 0.011582115766607257, 0.021558984589255367, 0.0020767739494711897, 0.0012891671283493458, 0.10912726124275617, 0]]}