{"FC": [0.007574743831504666, 0.00585595166838984, 0.003067955305305679, 0.006776316952619117, 0.012337607544489967, 0.01955296289669582, 0.0074538488352999975, 0.009996994992608062, 0.02649635414272536, 0.026042668301359564, 0.011126215795811197, 0.020876789152480514, 0.029100543915425776, 0.026304726487269777, 0.030015825145445693, 0.05028438649790799, 0.04335071923330687, 0.052539405206348, 0.06728956130634894, 0.06528975089281186, 0.057442794827108394, 0.06498355841011, 0.07227699255552619, 0.06945441663604097, 0.11111971489788428, 0.09340883738779909, 0.005930329032342621, 0.21173738581676296, 0.3372654544347075, 0.3967403731575458, 0.3333625372911505, 0.33623377519757397, 0.14806176135266141, 0.13866605539809576, 0.22576219798028963, 0.031492424759679706, 0.012517212216566615, 0.007758950377353348, 0.0093274940564245, 0.009880368446946813, 0.016416551125203387, 0.009947826634152581, 0.012754754983795732, 0.007047732374159296, 0.009744350862157546, 0.012866390973364533, 0.01502515549241755, 0.009823338607738066, 0.01149914070579114, 0.010211552102843724, 0.009148866536155362, 0.0061093664239166776, 0.005283736239994456, 0.011338825552282831, 0.012180519685949808, 0.009029973464296006, 0.004474491207611311, 0.010944744333947671, 0.004415419625915383, 0.012556978563661697], "FF": [[0, 0.052718540213633897, 0.0069200819547733505, 0.0036864724332319443, 0.004747901111898668, 0.009427277368613488, 0.008591649877713128, 0.0049588619021592294, 0.005958403862109325, 0.005887287438042428, 0.008162305356892944, 0.006547287767204845, 0.013493911856467462, 0.008189109709920954, 0.006233740257585805, 0.008719358945697609, 0.008180148539433382, 0.004129172032623994, 0.008685268831783801, 0.008020957819916555, 0.007002862000709639, 0.007714437685060575, 0.008764958265554205, 0.005484369685690143, 0.007719752408045609, 0.004850351806237096, 0.00819924845265013, 0.009922745263713327, 0.003684159043940475, 0.0031521757063000732, 0.006144668385314125, 0.006005161128341994, 0.0047380442363040495, 0.00549605153515755, 0.004946169135657189, 0.006925882837289921, 0.007171640258420883, 0.005108719237617968, 0.008152924717696798, 0.013087341895256344, 0.00635954140802117, 0.0035606590442718057, 0.005807702391197744, 0.003187143234882486, 0.010621356441309324, 0.006401893449995317, 0.007593649095277044, 0.006620716073206842, 0.0037563650847159077, 0.004695934209554654, 0.0056519064286571176, 0.008188084447310355, 0.005939610167196462, 0.00669314362813106, 0.006063500622254953, 0.0026420280099095647, 0.004483988871914319, 0.010631030482372395, 0.0036962735373815936, 0.00855162311989105], [0.052718540213633897, 0, 0.05233394686487816, 0.00514679604069671, 0.01868302924976834, 0.008485303831463537, 0.003683594527586524, 0.008557401396188817, 0.008736960717549619, 0.0066031605563094346, 0.014097670435258319, 0.007234320624096501, 0.005692401576835171, 0.01128178159558708, 0.004087837800083539, 0.004644168026334387, 0.010181153635782408, 0.0038186624681768966, 0.008260585779853995, 0.012999423288287636, 0.00977401633294175, 0.004744773313911576, 0.010021322983331832, 0.003770398882273097, 0.012566809419914293, 0.012844439659152183, 0.005026392749259242, 0.013603903129228205, 0.009387573085536605, 0.00944130054676283, 0.003927047471843687, 0.0063870310466259805, 0.005377305495091524, 0.005658791177542126, 0.010471186458890731, 0.008046550176386724, 0.006542177392908343, 0.004715494497471809, 0.007713386748525783, 0.013492485275970275, 0.00922315438738072, 0.00403194660845746, 0.007980586836516501, 0.006536016072415808, 0.009793241591694356, 0.008945445217106277, 0.004670959115979468, 0.007248701910819871, 0.006340572049592659, 0.011978258260590954, 0.0029857543658223613, 0.0039488640475648495, 0.006637785325098018, 0.010620701371500424, 0.006883609830294683, 0.015249123782213572, 0.008103650829434875, 0.005494915276895615, 0.013459202989364535, 0.005480469656871287], [0.0069200819547733505, 0.05233394686487816, 0, 0.052946206551836725, 0.008660155709211952, 0.010069554427670734, 0.008265636320509834, 0.004237715656625887, 0.009293830888751638, 0.0075381140463689515, 0.004609014769489721, 0.019688378833548025, 0.011828587444611507, 0.011208130709889533, 0.009901071514246476, 0.005953010407401801, 0.0056950504977178636, 0.0063925732925454665, 0.006587650244761236, 0.005690876078632039, 0.009687462350808768, 0.0019279208752758141, 0.007550845143231218, 0.011284911782923738, 0.003908052127855259, 0.0032451360603165335, 0.010209082799296552, 0.008593132045859288, 0.008689381708861875, 0.0070921487127406785, 0.0031542351160505945, 0.005389780650674988, 0.009440331820828353, 0.003745022468858417, 0.002989655754736388, 0.005659334600857325, 0.009784808239326634, 0.0050876007913347255, 0.008835188376617266, 0.006606037141273568, 0.0055687036586769215, 0.006929172505771701, 0.008954607440664022, 0.00523416013544321, 0.008584636602992026, 0.00936383650176935, 0.00727384153626294, 0.007851107616682304, 0.010055394217529596, 0.0021053809310963814, 0.012567882754037663, 0.008430642133701295, 0.0069587542827724575, 0.005136275312696639, 0.0037728702280968784, 0.0039816686376206, 0.011604220367007145, 0.004117822090740266, 0.002353815947983255, 0.011198441603504463], [0.0036864724332319443, 0.00514679604069671, 0.052946206551836725, 0, 0.037700304640240226, 0.01105434354820534, 0.016931296744156762, 0.005042422436712226, 0.004281249573030193, 0.011196143230865927, 0.004925892576431221, 0.00945219127191194, 0.009167293024544887, 0.0062850383657344, 0.007452586641252387, 0.011630201350466284, 0.005993284616143658, 0.011408165526737174, 0.005735722619875378, 0.007854696885014691, 0.009559222698425284, 0.00738813976257662, 0.003841060464167382, 0.01108600824947589, 0.011516287641673983, 0.007300379977425097, 0.007651839546009252, 0.010467800934325094, 0.008348516801820818, 0.009825881804652986, 0.0033327892117498248, 0.005651557125141088, 0.00596825870431697, 0.0026461251309940446, 0.00700232213436877, 0.006549685627777588, 0.00609961083278376, 0.00583612765930672, 0.002819484926472023, 0.012833959717696096, 0.0038100094149665815, 0.007724460267306298, 0.006110483580709288, 0.006437703490080295, 0.006000008124025886, 0.0044608373221058095, 0.009636257405854824, 0.005965797849386613, 0.004676215082421324, 0.009626451038781082, 0.003799194580413819, 0.0043012503213301105, 0.005848919127175087, 0.006831968709374481, 0.006795692317297415, 0.007816260313383887, 0.005921366364739788, 0.005840783613642434, 0.005301864780746449, 0.0065561212621270525], [0.004747901111898668, 0.01868302924976834, 0.008660155709211952, 0.037700304640240226, 0, 0.061903908570132164, 0.005551442076996212, 0.01612939362068242, 0.006249786607063244, 0.010049771280226678, 0.015631033826324837, 0.00473627362547696, 0.006385777045781324, 0.015875436048114755, 0.003970516491325091, 0.004942161369205734, 0.01685426127125789, 0.006065848299354952, 0.005212805624038018, 0.01439070033951433, 0.0033141088319948546, 0.00543530923128295, 0.015132185393868881, 0.009834057444406095, 0.010547761399869366, 0.014947249045155712, 0.0032413380267472263, 0.016040566408101933, 0.016871830109783235, 0.007177551163832599, 0.004208726434360347, 0.008173389244186528, 0.0037127577770291456, 0.0034718824251417394, 0.003112707240014848, 0.006454921320000676, 0.004416297150918173, 0.010081410280896472, 0.005555034400840529, 0.004705586638665087, 0.015583833056654044, 0.004273284830112885, 0.007844893302607162, 0.004959594958703278, 0.003329216108450995, 0.008397739418909748, 0.006010057560682569, 0.004500032814754195, 0.004138698485120915, 0.005054628625308193, 0.0061221466461290185, 0.004346422686269523, 0.002315717083212346, 0.004449614427557587, 0.004087451512886699, 0.0077226562912998935, 0.0027158574988653296, 0.006653582671024776, 0.006838896654957308, 0.0077305450481409445], [0.009427277368613488, 0.008485303831463537, 0.010069554427670734, 0.01105434354820534, 0.061903908570132164, 0, 0.04964546931503451, 0.008756337528897446, 0.008831448951160205, 0.00529022813694152, 0.006899034215903667, 0.010949438459322898, 0.02001418273971556, 0.006218205494965059, 0.011710166942425248, 0.004626553409291918, 0.004287107746835358, 0.01240114226789452, 0.008916145867450832, 0.01647330741727967, 0.014393687900007666, 0.0060741667983253145, 0.008203383731096966, 0.013655928056960434, 0.0033256616782445627, 0.006480205075122742, 0.010929514597408655, 0.01023278669837394, 0.008917424732408325, 0.008437304167811254, 0.010351831027642892, 0.007825455917107604, 0.013222543905523857, 0.005949025123695542, 0.007163506165403532, 0.009160734117615445, 0.007721392431057352, 0.008765542122709339, 0.009529472233583289, 0.007300087371539071, 0.006687315778271214, 0.02102003499254192, 0.007308288415886995, 0.009574328258003171, 0.014323693399398048, 0.010159718981998054, 0.010878323815858404, 0.009060941522701612, 0.005658206880671854, 0.008680355557785095, 0.010311033517161148, 0.009991183157492565, 0.0067435129871107925, 0.011138164664606981, 0.005439721591734005, 0.009588775427395257, 0.007419827492882314, 0.008269463439197176, 0.010704921944845605, 0.006172216577882677], [0.008591649877713128, 0.003683594527586524, 0.008265636320509834, 0.016931296744156762, 0.005551442076996212, 0.04964546931503451, 0, 0.04172186649467145, 0.009696006975269636, 0.008226619415709211, 0.003365780751172912, 0.0030656759392847393, 0.012765997577067738, 0.0056151882658776586, 0.004098906956344538, 0.014972761393299804, 0.004764477657133328, 0.00379448842364969, 0.008985397771150188, 0.004601913417462988, 0.004704230813940319, 0.00828748744196307, 0.004037206698872729, 0.015499286676865127, 0.012395181957928995, 0.005318401570959901, 0.010804182607417131, 0.010022594454177513, 0.004311168128139967, 0.004993302777868347, 0.0020863835444944324, 0.0069849186689897765, 0.007379075322967343, 0.0038716259656098985, 0.003302843973955703, 0.004502609369671813, 0.004609356387937523, 0.007662861624351449, 0.0076448809738888235, 0.008674494654161159, 0.005827090863380045, 0.002687769399022881, 0.005928518619568245, 0.007349768332337367, 0.0044388511844606895, 0.005339534706075881, 0.010009331688155659, 0.0031042700056849227, 0.005287694072525663, 0.005929442736244199, 0.00470773241961008, 0.007928248489534143, 0.002373751033921702, 0.00546576074016371, 0.0036570924381036634, 0.003865411973976651, 0.005470203699615386, 0.005326658620796972, 0.0033974190351933093, 0.0053405802295927235], [0.0049588619021592294, 0.008557401396188817, 0.004237715656625887, 0.005042422436712226, 0.01612939362068242, 0.008756337528897446, 0.04172186649467145, 0, 0.05933500065972163, 0.01140250371358479, 0.01334240627974372, 0.00815764046585046, 0.003896889715325957, 0.01494308623953782, 0.00980812693991575, 0.006184821885374883, 0.014412201408008245, 0.009768131375058815, 0.006369193842541045, 0.015458350453203732, 0.009907800642545588, 0.00457941733542655, 0.010667501778788606, 0.0025102523301779407, 0.008834835224848013, 0.016120250085857806, 0.009797537864046905, 0.009272696881078728, 0.007000058051927929, 0.005752057940947034, 0.0024112973846376518, 0.0050989600317825155, 0.003915902873675626, 0.0032348056998238875, 0.008408401521708322, 0.0027633089158029473, 0.007739027853674528, 0.004653873859573597, 0.005686054152916645, 0.010169892480109608, 0.006081013244548723, 0.008083861364746548, 0.001839488515293886, 0.013126306662036551, 0.010064022258688075, 0.008723492938933769, 0.0037179208694108866, 0.005686242068906851, 0.010265517019463422, 0.009766944240151957, 0.005166813521368107, 0.0024069143863056372, 0.003883656067750007, 0.006751566457703, 0.003990740123080131, 0.00686546406598504, 0.004515412380719818, 0.005873391314072669, 0.006149916506294087, 0.0033209166018565496], [0.005958403862109325, 0.008736960717549619, 0.009293830888751638, 0.004281249573030193, 0.006249786607063244, 0.008831448951160205, 0.009696006975269636, 0.05933500065972163, 0, 0.05632644580582297, 0.007415139635853933, 0.013337706264351844, 0.015117574987399011, 0.005936196530464152, 0.012456636966944335, 0.007449261164902344, 0.012622622644202906, 0.01232103813473426, 0.009728003160150225, 0.0032776996003176986, 0.007910378820342904, 0.008233327080475727, 0.013161172359406146, 0.008582322761590804, 0.007895443275057371, 0.007122764896018888, 0.004598031437943619, 0.017198817280140756, 0.012150760829675457, 0.015398805870814915, 0.004864872675504417, 0.0036788508257694277, 0.008630631766580701, 0.0073318557183524, 0.007541224314340544, 0.008498252992711236, 0.005448353306305548, 0.008439331216039575, 0.008803993960656608, 0.013827340526704025, 0.011370765335397933, 0.009683867568931073, 0.007702308262381047, 0.0052075369967653495, 0.007246828205163047, 0.006383393783423681, 0.004588981612349217, 0.005611981694890347, 0.005386404939824248, 0.006231146994676009, 0.004812604388444968, 0.003924151745173913, 0.007447203369240462, 0.01603613588384749, 0.0029895953163729273, 0.007804307296617142, 0.008626499082662737, 0.007455729432283823, 0.008330796511258853, 0.002330104451775613], [0.005887287438042428, 0.0066031605563094346, 0.0075381140463689515, 0.011196143230865927, 0.010049771280226678, 0.00529022813694152, 0.008226619415709211, 0.01140250371358479, 0.05632644580582297, 0, 0.042937543433423514, 0.014987356457048948, 0.01125639692734522, 0.006910988371830833, 0.003742336936689074, 0.013490348869735755, 0.005536279845920752, 0.00496848344744282, 0.007079011166182645, 0.011950621736319377, 0.014180588856871273, 0.010733646992850369, 0.007003809381852232, 0.00662065112669594, 0.011369457989687484, 0.008667664079081122, 0.0046135168880611635, 0.0187280248509007, 0.023628400312186985, 0.01191495930691293, 0.005060935903778637, 0.007100836186381779, 0.010399807395314695, 0.0076880666092467645, 0.0038810956855669138, 0.0064034548973341265, 0.011612196161891158, 0.0031008248122284168, 0.004462336367187837, 0.00609413081132913, 0.004820154907934726, 0.006913326251423709, 0.001964792901128121, 0.006592677706077382, 0.010206513824210029, 0.011905391134428634, 0.005856156818994601, 0.0021356839614955544, 0.007649620074714369, 0.003149139892644314, 0.004102189847416551, 0.005906931596321495, 0.0023933292918016814, 0.006086733744566518, 0.0018183630387482792, 0.006503697872676622, 0.0058988095816198995, 0.005541456286586721, 0.0055924101198920745, 0.006854911146858839], [0.008162305356892944, 0.014097670435258319, 0.004609014769489721, 0.004925892576431221, 0.015631033826324837, 0.006899034215903667, 0.003365780751172912, 0.01334240627974372, 0.007415139635853933, 0.042937543433423514, 0, 0.04826371483663178, 0.008708925115608761, 0.012479003086416616, 0.007121614562919895, 0.004473379879512319, 0.020642304000378097, 0.01612088636096404, 0.002065941369010446, 0.014572431445643987, 0.0032736081210167226, 0.004931615833898294, 0.0184874113748385, 0.0065932608543473655, 0.010824903370786631, 0.014126128489719926, 0.01147165882771527, 0.005391898380292955, 0.013840724681855692, 0.0072178408868004045, 0.007550474721603716, 0.003354442163160947, 0.007983543940487229, 0.006629759752094941, 0.012996173128094646, 0.005686297417239577, 0.006049662474381828, 0.011476033730517853, 0.0033666677584564325, 0.010289851988187576, 0.016738517614044702, 0.005034478437252509, 0.0073241008326870045, 0.0054778068623585535, 0.012548263729041893, 0.007576411214721955, 0.00567932690228011, 0.005701213176173611, 0.0044292952179214706, 0.004009686842054307, 0.004577465172247127, 0.004902136159503084, 0.004722290829637858, 0.009267526602074309, 0.0032831519445593953, 0.006442073182610286, 0.007479118902875987, 0.00541720343630702, 0.009354930156156925, 0.006254973100403185], [0.006547287767204845, 0.007234320624096501, 0.019688378833548025, 0.00945219127191194, 0.00473627362547696, 0.010949438459322898, 0.0030656759392847393, 0.00815764046585046, 0.013337706264351844, 0.014987356457048948, 0.04826371483663178, 0, 0.05287788285399683, 0.016974723849452054, 0.01351667111991745, 0.005658973710948619, 0.008020098981681715, 0.014275037675693056, 0.013857329054782201, 0.005587001865305913, 0.010715895967782977, 0.004975207275055415, 0.00685877544328482, 0.015134934608656652, 0.004468687557389843, 0.005398471981651497, 0.01302836838166713, 0.009769061374755994, 0.003999649406482633, 0.01134467373617946, 0.0022336060658552257, 0.005488485904601805, 0.009380571783212046, 0.006078052619618446, 0.009051305285507395, 0.005845560661074391, 0.006835587529938627, 0.004546173942556974, 0.008960283752579104, 0.004523765078371988, 0.003526506434861412, 0.006666123981344635, 0.005264396107875826, 0.005656569773907889, 0.008250813648486701, 0.009599463749273972, 0.005529282536450241, 0.0046204592070618195, 0.006273632092386871, 0.0033193085237713544, 0.006310960592683388, 0.009247854115678925, 0.0042712959798199696, 0.008212003989501636, 0.006119174400081104, 0.008449538005741403, 0.004668724145898282, 0.007817950116277525, 0.010089506602082347, 0.006523301339425515], [0.013493911856467462, 0.005692401576835171, 0.011828587444611507, 0.009167293024544887, 0.006385777045781324, 0.02001418273971556, 0.012765997577067738, 0.003896889715325957, 0.015117574987399011, 0.01125639692734522, 0.008708925115608761, 0.05287788285399683, 0, 0.07776799978002194, 0.020220861211445597, 0.02094878444895735, 0.019489327767042663, 0.002382693741462331, 0.01512828578621564, 0.020502635191259146, 0.004188567535398092, 0.0123183469669096, 0.010239779226953192, 0.0077260129459682594, 0.019204529565258435, 0.0053384600069974995, 0.00637422910999428, 0.019719935397441716, 0.01523946691961363, 0.010534105738467974, 0.007810268865032532, 0.0061032628748002235, 0.006914302536868242, 0.007528200468687366, 0.006166816613932667, 0.006088604237776456, 0.0072861778056382, 0.005178545047975894, 0.006719368796678977, 0.00887957594002756, 0.0023262675315862346, 0.002745901688870067, 0.006874803159438961, 0.00341569419316945, 0.006959061800028659, 0.010335265233813519, 0.0025835186374845893, 0.004145176023756759, 0.002128784139825333, 0.007273327133203259, 0.0032500779975856366, 0.00720094682103453, 0.0059093953405752915, 0.010205838727936681, 0.005464092603714367, 0.00567913138441623, 0.004216904172722843, 0.005719237586798745, 0.0037248803058615903, 0.005277628518611587], [0.008189109709920954, 0.01128178159558708, 0.011208130709889533, 0.0062850383657344, 0.015875436048114755, 0.006218205494965059, 0.0056151882658776586, 0.01494308623953782, 0.005936196530464152, 0.006910988371830833, 0.012479003086416616, 0.016974723849452054, 0.07776799978002194, 0, 0.05555365277638676, 0.029345245242965303, 0.01771603920643834, 0.009816617223436245, 0.009041957512121352, 0.026948768119530005, 0.006101270825973524, 0.011229965432469517, 0.01921292864900602, 0.0048854529046518345, 0.008380873244399616, 0.014958817922530591, 0.01062662190504288, 0.01683765926754151, 0.006135077210953438, 0.01040650007692228, 0.005042081532311978, 0.007309490288688045, 0.008758178844607884, 0.012108255451317438, 0.009948138106531987, 0.010463222851451246, 0.007167937786083974, 0.00458519472676591, 0.010351193614081843, 0.004643126093431844, 0.005600916546552598, 0.007770120818098263, 0.008773125538471751, 0.003746132935358789, 0.009361991359634994, 0.0037206011172333225, 0.011172841161681137, 0.005895103241620662, 0.006884913367719839, 0.0076589118354147764, 0.005081992635342543, 0.003490040768783762, 0.010640116007423893, 0.010539203654044697, 0.004175279020472759, 0.009151090015392513, 0.011126817034811486, 0.007722158594596613, 0.00852644384493249, 0.008006597783187734], [0.006233740257585805, 0.004087837800083539, 0.009901071514246476, 0.007452586641252387, 0.003970516491325091, 0.011710166942425248, 0.004098906956344538, 0.00980812693991575, 0.012456636966944335, 0.003742336936689074, 0.007121614562919895, 0.01351667111991745, 0.020220861211445597, 0.05555365277638676, 0, 0.042418565651596775, 0.00803718349861737, 0.012212343188896212, 0.007062070414864421, 0.010522481686567461, 0.026493361741812535, 0.009647720843126487, 0.0066719855669094726, 0.012997032160038726, 0.01188517137374678, 0.006229244027248266, 0.010551620096903826, 0.0060735843699307734, 0.013592623388781895, 0.014364335484557702, 0.005448600986580505, 0.006037092814690172, 0.008792213632462399, 0.008046979907356741, 0.008157938017215809, 0.01052466129639125, 0.007142160281812832, 0.003117474819488004, 0.014754574217570302, 0.006943727216180386, 0.005507970640375214, 0.008018467346572876, 0.004246425266573134, 0.003730014017679335, 0.009855377487634976, 0.007229369297145413, 0.00860712954655239, 0.006364609154448128, 0.006224259133219266, 0.005746315726549502, 0.014521398009357667, 0.0028097944476781793, 0.006180544834675675, 0.008312291540996636, 0.002995235522357079, 0.0022110013237964746, 0.004267801567445505, 0.006840088719480383, 0.005185074097023918, 0.012542516187652574], [0.008719358945697609, 0.004644168026334387, 0.005953010407401801, 0.011630201350466284, 0.004942161369205734, 0.004626553409291918, 0.014972761393299804, 0.006184821885374883, 0.007449261164902344, 0.013490348869735755, 0.004473379879512319, 0.005658973710948619, 0.02094878444895735, 0.029345245242965303, 0.042418565651596775, 0, 0.04224964907220401, 0.02701241200518686, 0.016445840864599975, 0.014935581099201525, 0.0070425214577093855, 0.016849883290225534, 0.008566593912123943, 0.01032812372812801, 0.01863688439000518, 0.016634258272587903, 0.0058051089201142875, 0.024803297096206586, 0.01879860372903368, 0.01834116713645622, 0.00824020258781594, 0.004341918586420619, 0.006309439586371842, 0.006251125879972673, 0.006300796172848401, 0.009454100808017568, 0.010193504851374224, 0.005939225603652887, 0.006208578197432535, 0.010530863321919933, 0.009888254962187969, 0.005941990330895222, 0.0033510630945386005, 0.004556205169012543, 0.005805871303120019, 0.003520229826045714, 0.0064920325528638, 0.002138821964143385, 0.004548516199506981, 0.004857569319024547, 0.0073167556163946795, 0.006385609447167043, 0.0044002256750303274, 0.00654427053182072, 0.003652730312468636, 0.004246389395493471, 0.005003763948043696, 0.005189395363611751, 0.004118683114849177, 0.00392845181222797], [0.008180148539433382, 0.010181153635782408, 0.0056950504977178636, 0.005993284616143658, 0.01685426127125789, 0.004287107746835358, 0.004764477657133328, 0.014412201408008245, 0.012622622644202906, 0.005536279845920752, 0.020642304000378097, 0.008020098981681715, 0.019489327767042663, 0.01771603920643834, 0.00803718349861737, 0.04224964907220401, 0, 0.06341384549044939, 0.013215326571860113, 0.014896223039559175, 0.011941774226607476, 0.008561574987445, 0.01778375984870525, 0.013814178820030453, 0.015005072127497087, 0.021071412566100955, 0.01189594826344147, 0.008613477400854391, 0.012866436579681942, 0.011594002769121849, 0.009126219658214389, 0.0026247140979004696, 0.005493891349027121, 0.014483324761338214, 0.009270135368414202, 0.004497933167990297, 0.0036613005726566423, 0.007760168867152622, 0.004569188306658764, 0.006701444041644147, 0.008400646368780759, 0.007401464216754152, 0.006076637104542119, 0.006722549648519357, 0.006125119547108972, 0.003752214898678684, 0.003008832766755999, 0.004754289177933753, 0.004375248850392138, 0.011059047479605682, 0.004305114145791308, 0.0034848050560728782, 0.006897695436152434, 0.007051784858339109, 0.005337379865506927, 0.00461241630147417, 0.007876350903441373, 0.004386060438000891, 0.0057154239690375905, 0.0038405912812415955], [0.004129172032623994, 0.0038186624681768966, 0.0063925732925454665, 0.011408165526737174, 0.006065848299354952, 0.01240114226789452, 0.00379448842364969, 0.009768131375058815, 0.01232103813473426, 0.00496848344744282, 0.01612088636096404, 0.014275037675693056, 0.002382693741462331, 0.009816617223436245, 0.012212343188896212, 0.02701241200518686, 0.06341384549044939, 0, 0.05969542347830684, 0.02327290800883978, 0.012432466209085877, 0.008130966243984702, 0.012086266087957714, 0.023699178969574942, 0.01645123886977033, 0.014750964944451078, 0.010225477111613132, 0.016196657858689137, 0.011315537465825296, 0.017098854678385414, 0.005564903667182252, 0.005258138135481073, 0.013217337029680072, 0.008346625095408584, 0.008778298794795305, 0.004635141487449813, 0.006515005226734684, 0.006553141872330187, 0.005935152869353736, 0.008917085730751381, 0.0037164825491616937, 0.007749405604021499, 0.006337231486213336, 0.005647276072437873, 0.007611073036328387, 0.003472679599850481, 0.0054904840785930074, 0.005167177442066231, 0.0031298452829389744, 0.004528634971004492, 0.009249019483065389, 0.004103320649641194, 0.005133155736832278, 0.005143953121787729, 0.0031456514872598446, 0.004134348063255474, 0.00495371561672973, 0.006721584406584604, 0.005157463800430233, 0.009490303097904558], [0.008685268831783801, 0.008260585779853995, 0.006587650244761236, 0.005735722619875378, 0.005212805624038018, 0.008916145867450832, 0.008985397771150188, 0.006369193842541045, 0.009728003160150225, 0.007079011166182645, 0.002065941369010446, 0.013857329054782201, 0.01512828578621564, 0.009041957512121352, 0.007062070414864421, 0.016445840864599975, 0.013215326571860113, 0.05969542347830684, 0, 0.055630667000351214, 0.033347758537410906, 0.015278179259535223, 0.013186950854092909, 0.013353240129205567, 0.01737578245719138, 0.014470632578216354, 0.007135677833474602, 0.02968746408378691, 0.016288831948690383, 0.010288186364082175, 0.011787388759605884, 0.007789339537819699, 0.011477941597284021, 0.009687978174037125, 0.018828376578324302, 0.007986924625137023, 0.006997001856429418, 0.00744295845097989, 0.008088318178222172, 0.005804701149463842, 0.007405366472731265, 0.008514275209561158, 0.007982213910845798, 0.007504735180121097, 0.00437937923371247, 0.010726693941835555, 0.005080829050497624, 0.00452455011736122, 0.00913866031962448, 0.004726400923340047, 0.005587709990954153, 0.006681905449438312, 0.0047985694322706315, 0.004275582994597935, 0.0034042102441147163, 0.007059935912450367, 0.00805321644065256, 0.0032491658554830495, 0.007844244197665724, 0.011624602424875799], [0.008020957819916555, 0.012999423288287636, 0.005690876078632039, 0.007854696885014691, 0.01439070033951433, 0.01647330741727967, 0.004601913417462988, 0.015458350453203732, 0.0032776996003176986, 0.011950621736319377, 0.014572431445643987, 0.005587001865305913, 0.020502635191259146, 0.026948768119530005, 0.010522481686567461, 0.014935581099201525, 0.014896223039559175, 0.02327290800883978, 0.055630667000351214, 0, 0.06301407049066968, 0.01958483674493388, 0.03154822719411866, 0.02064548962341329, 0.02358262884517149, 0.02783011760717278, 0.012440246894198884, 0.02764900372151841, 0.03010693864481491, 0.020132153195604262, 0.011678637629438132, 0.01386047475938542, 0.011385102693085594, 0.016537888804574054, 0.017344959215153704, 0.00928107750347, 0.010763520300984548, 0.013152254513975736, 0.012614456742978907, 0.014250112284201245, 0.010423398143332693, 0.014096213829257784, 0.011012469299670244, 0.01162545127367405, 0.012164213052560241, 0.014834841976421317, 0.016172025478477924, 0.011659280036179592, 0.014241046166497257, 0.01137511958361724, 0.010431692480301957, 0.012059699843108281, 0.013594223519689627, 0.014775325675308308, 0.01139256721087173, 0.01028310391494105, 0.008014952482549187, 0.007968819590747746, 0.008554741835233035, 0.01131456504281305], [0.007002862000709639, 0.00977401633294175, 0.009687462350808768, 0.009559222698425284, 0.0033141088319948546, 0.014393687900007666, 0.004704230813940319, 0.009907800642545588, 0.007910378820342904, 0.014180588856871273, 0.0032736081210167226, 0.010715895967782977, 0.004188567535398092, 0.006101270825973524, 0.026493361741812535, 0.0070425214577093855, 0.011941774226607476, 0.012432466209085877, 0.033347758537410906, 0.06301407049066968, 0, 0.08723316136619184, 0.022766593605162047, 0.028062122740141356, 0.024990158917314653, 0.016183921504485735, 0.023386279232435886, 0.02144920560694225, 0.019569411329685708, 0.012598710633300914, 0.008527637555640039, 0.01028343565344221, 0.016075690164804906, 0.010702364697163291, 0.014688288716823768, 0.013591378899390601, 0.010114464720777299, 0.011671890682280032, 0.009523802064294906, 0.01137250126767303, 0.008818986262031911, 0.012326315498616383, 0.012264193137766305, 0.017262334695386496, 0.016704050856709868, 0.01571464020348139, 0.008876594150800391, 0.0074744410322922505, 0.01144386607265594, 0.007046243340531615, 0.01330950725375478, 0.012126459532576066, 0.007753093953960188, 0.01814916514411429, 0.0070839063323419015, 0.010518407606692693, 0.01255099395825432, 0.012183887113665573, 0.012721433009645046, 0.011557509349553487], [0.007714437685060575, 0.004744773313911576, 0.0019279208752758141, 0.00738813976257662, 0.00543530923128295, 0.0060741667983253145, 0.00828748744196307, 0.00457941733542655, 0.008233327080475727, 0.010733646992850369, 0.004931615833898294, 0.004975207275055415, 0.0123183469669096, 0.011229965432469517, 0.009647720843126487, 0.016849883290225534, 0.008561574987445, 0.008130966243984702, 0.015278179259535223, 0.01958483674493388, 0.08723316136619184, 0, 0.062192487272788616, 0.025274481765027952, 0.02299074960366857, 0.015303312467044257, 0.008404189396989451, 0.02991538803624587, 0.019380479794947777, 0.020004698634154126, 0.011956181425520053, 0.009545535349681205, 0.011378107143808432, 0.014083980531984876, 0.01752328417516699, 0.01133588389589216, 0.00714758797953232, 0.01178552189614488, 0.010830660318762425, 0.009704845048560319, 0.007042249619125956, 0.007433680976464035, 0.010267696246408334, 0.008039351964687868, 0.012123079855670075, 0.008321132969324511, 0.00821007653044169, 0.007414565570808847, 0.010851836344904095, 0.008635780047311411, 0.008056441704193326, 0.007793005079899505, 0.009771000327947758, 0.010056618058005503, 0.011556399404299172, 0.009812268254058005, 0.007831301997639413, 0.013224339064322521, 0.011245348365628394, 0.008852519038144518], [0.008764958265554205, 0.010021322983331832, 0.007550845143231218, 0.003841060464167382, 0.015132185393868881, 0.008203383731096966, 0.004037206698872729, 0.010667501778788606, 0.013161172359406146, 0.007003809381852232, 0.0184874113748385, 0.00685877544328482, 0.010239779226953192, 0.01921292864900602, 0.0066719855669094726, 0.008566593912123943, 0.01778375984870525, 0.012086266087957714, 0.013186950854092909, 0.03154822719411866, 0.022766593605162047, 0.062192487272788616, 0, 0.07075481914409376, 0.04065828831019593, 0.02074613246843948, 0.011326983764515342, 0.027520577745192443, 0.02862408537595783, 0.024025665932290018, 0.0099303055092082, 0.00779060938308386, 0.010968984222085443, 0.011470766402730249, 0.02052640134929627, 0.012223127959739531, 0.009532681219651229, 0.012221328328179064, 0.013694029557442408, 0.010441863881901336, 0.01095957629642183, 0.010131238477937524, 0.012767097023554105, 0.013644797533307388, 0.013524030993888388, 0.008661337446268572, 0.006613434735590462, 0.018363757423620827, 0.008382368410329114, 0.011977966201642518, 0.015375604206067598, 0.01433762455961331, 0.008709899779037607, 0.009483524815354721, 0.008909290264288095, 0.008664119799142188, 0.010081952888453363, 0.009756499820852443, 0.010535058612532608, 0.014242499259959452], [0.005484369685690143, 0.003770398882273097, 0.011284911782923738, 0.01108600824947589, 0.009834057444406095, 0.013655928056960434, 0.015499286676865127, 0.0025102523301779407, 0.008582322761590804, 0.00662065112669594, 0.0065932608543473655, 0.015134934608656652, 0.0077260129459682594, 0.0048854529046518345, 0.012997032160038726, 0.01032812372812801, 0.013814178820030453, 0.023699178969574942, 0.013353240129205567, 0.02064548962341329, 0.028062122740141356, 0.025274481765027952, 0.07075481914409376, 0, 0.08116724848930215, 0.021177502530607843, 0.01529360147028248, 0.016218072041451714, 0.026943261619837445, 0.025571449237026027, 0.01111595975191132, 0.011835417073427081, 0.02094908329996815, 0.012541203830390337, 0.017254701306702164, 0.010983303387057011, 0.012655531962818732, 0.013392569486667154, 0.01260062818580334, 0.009899013974713194, 0.008892722914110411, 0.012086185877212437, 0.009395764075755344, 0.011700027493309832, 0.010249069542747024, 0.010681181650103434, 0.011566599930153295, 0.010464409195073111, 0.009532749142740545, 0.010401901077616169, 0.008428563163930557, 0.008414174659817999, 0.011265557038683892, 0.011302779951274988, 0.00860504544713702, 0.010090880399451496, 0.010888305427542554, 0.012687047786710107, 0.008971185822341734, 0.011343320463790236], [0.007719752408045609, 0.012566809419914293, 0.003908052127855259, 0.011516287641673983, 0.010547761399869366, 0.0033256616782445627, 0.012395181957928995, 0.008834835224848013, 0.007895443275057371, 0.011369457989687484, 0.010824903370786631, 0.004468687557389843, 0.019204529565258435, 0.008380873244399616, 0.01188517137374678, 0.01863688439000518, 0.015005072127497087, 0.01645123886977033, 0.01737578245719138, 0.02358262884517149, 0.024990158917314653, 0.02299074960366857, 0.04065828831019593, 0.08116724848930215, 0, 0.10949550999306532, 0.014005952001387503, 0.05632929517654489, 0.034970923176522076, 0.027109042028725414, 0.012482402526883336, 0.0183226366559365, 0.013426701234567115, 0.014453718530636948, 0.013642416007016295, 0.015049044036283779, 0.009848608524653305, 0.009481422710320514, 0.01600166077556865, 0.019147327625683434, 0.008816311964216905, 0.009964985551800427, 0.016602519897749562, 0.010379388374819064, 0.010373099849702281, 0.014652737019940174, 0.009231644707054149, 0.014470704788024133, 0.011984262020458724, 0.011260749709255483, 0.012512637527975379, 0.013425911116687627, 0.010511628394194936, 0.009680300766612356, 0.011804143171516773, 0.008875948335299647, 0.0069564698133271164, 0.011140164244396403, 0.006912843616185315, 0.00946800161706673], [0.004850351806237096, 0.012844439659152183, 0.0032451360603165335, 0.007300379977425097, 0.014947249045155712, 0.006480205075122742, 0.005318401570959901, 0.016120250085857806, 0.007122764896018888, 0.008667664079081122, 0.014126128489719926, 0.005398471981651497, 0.0053384600069974995, 0.014958817922530591, 0.006229244027248266, 0.016634258272587903, 0.021071412566100955, 0.014750964944451078, 0.014470632578216354, 0.02783011760717278, 0.016183921504485735, 0.015303312467044257, 0.02074613246843948, 0.021177502530607843, 0.10949550999306532, 0, 0.056494940151857305, 0.04118548918407579, 0.03674054945944262, 0.035558998223758076, 0.010944935882615596, 0.013162440482876864, 0.0095511707890296, 0.01058416056812362, 0.022022695892843887, 0.009431159326673197, 0.009035172224085964, 0.008713987099058903, 0.009822096631899077, 0.009330779204879479, 0.014301063736966643, 0.009626761676619949, 0.009698473379446345, 0.009313554661846888, 0.016251570642229186, 0.010062236019706423, 0.009678945566386637, 0.00992380114962815, 0.011593735301941317, 0.012055248863326182, 0.013906857514217191, 0.009389701594916802, 0.010012929196149573, 0.007756517287827775, 0.011514383596544522, 0.013206341117426187, 0.009437521382790626, 0.009259480560776493, 0.016618340985556403, 0.012344868799040346], [0.00819924845265013, 0.005026392749259242, 0.010209082799296552, 0.007651839546009252, 0.0032413380267472263, 0.010929514597408655, 0.010804182607417131, 0.009797537864046905, 0.004598031437943619, 0.0046135168880611635, 0.01147165882771527, 0.01302836838166713, 0.00637422910999428, 0.01062662190504288, 0.010551620096903826, 0.0058051089201142875, 0.01189594826344147, 0.010225477111613132, 0.007135677833474602, 0.012440246894198884, 0.023386279232435886, 0.008404189396989451, 0.011326983764515342, 0.01529360147028248, 0.014005952001387503, 0.056494940151857305, 0, 0.04385510073880154, 0.009345678498110075, 0.01472696063050698, 0.009417137191639176, 0.010226097217999199, 0.01195723697510983, 0.011268034333387082, 0.011176247751040997, 0.012225043501357391, 0.013624103514430812, 0.014420744319121877, 0.011398534584646854, 0.010203957908617941, 0.010393923748698058, 0.010940374045853275, 0.011705767782725265, 0.013949450230741012, 0.016807831561686467, 0.0108987578631977, 0.012633650533499265, 0.00988787822534851, 0.011587158706059204, 0.009586745451605993, 0.0141966085969269, 0.009354726852995519, 0.012880462764345492, 0.014791022830506945, 0.0095210418877154, 0.010374431903575159, 0.011575908600167453, 0.010609849093169832, 0.013502511620461032, 0.01339733587231431], [0.009922745263713327, 0.013603903129228205, 0.008593132045859288, 0.010467800934325094, 0.016040566408101933, 0.01023278669837394, 0.010022594454177513, 0.009272696881078728, 0.017198817280140756, 0.0187280248509007, 0.005391898380292955, 0.009769061374755994, 0.019719935397441716, 0.01683765926754151, 0.0060735843699307734, 0.024803297096206586, 0.008613477400854391, 0.016196657858689137, 0.02968746408378691, 0.02764900372151841, 0.02144920560694225, 0.02991538803624587, 0.027520577745192443, 0.016218072041451714, 0.05632929517654489, 0.04118548918407579, 0.04385510073880154, 0, 0.09608974999331339, 0.07515164480069908, 0.016580659587573456, 0.013552937029906391, 0.020250865707019883, 0.013848690346566165, 0.01581083293191306, 0.012526312860912499, 0.013559343429194869, 0.009468776963674009, 0.016663336356913274, 0.017327255928867864, 0.012084012155996056, 0.010453527109177317, 0.011423828282525248, 0.010284345264393953, 0.01449106483946249, 0.018037975727604138, 0.014482960135392436, 0.013119031285339072, 0.009267711411927025, 0.009457764129488755, 0.013901742168296441, 0.009024976595470628, 0.009019045305983856, 0.008949047448690062, 0.009087705128569039, 0.01229984756389198, 0.010102028552349835, 0.012742598722901921, 0.010582621828272274, 0.016825325944139644], [0.003684159043940475, 0.009387573085536605, 0.008689381708861875, 0.008348516801820818, 0.016871830109783235, 0.008917424732408325, 0.004311168128139967, 0.007000058051927929, 0.012150760829675457, 0.023628400312186985, 0.013840724681855692, 0.003999649406482633, 0.01523946691961363, 0.006135077210953438, 0.013592623388781895, 0.01879860372903368, 0.012866436579681942, 0.011315537465825296, 0.016288831948690383, 0.03010693864481491, 0.019569411329685708, 0.019380479794947777, 0.02862408537595783, 0.026943261619837445, 0.034970923176522076, 0.03674054945944262, 0.009345678498110075, 0.09608974999331339, 0, 0.18498608409642409, 0.04394877335896818, 0.016883900569473472, 0.010564902577324198, 0.009060997472548184, 0.00926914104349329, 0.012008195253476989, 0.011163671142499984, 0.011153585108513563, 0.0108540132286979, 0.012860723291017031, 0.012607189638549083, 0.007742671441705457, 0.009878707094081065, 0.009606311110283778, 0.012727167282169487, 0.010731859731408692, 0.013100920186886258, 0.010832047425393454, 0.009693773639883961, 0.00968102054137775, 0.014293586163555888, 0.00698860362500078, 0.007976275905709759, 0.008819641233760231, 0.008315310114827409, 0.007646738819054506, 0.009854494793042928, 0.010661955554159785, 0.014990100635197047, 0.011377441445009611], [0.0031521757063000732, 0.00944130054676283, 0.0070921487127406785, 0.009825881804652986, 0.007177551163832599, 0.008437304167811254, 0.004993302777868347, 0.005752057940947034, 0.015398805870814915, 0.01191495930691293, 0.0072178408868004045, 0.01134467373617946, 0.010534105738467974, 0.01040650007692228, 0.014364335484557702, 0.01834116713645622, 0.011594002769121849, 0.017098854678385414, 0.010288186364082175, 0.020132153195604262, 0.012598710633300914, 0.020004698634154126, 0.024025665932290018, 0.025571449237026027, 0.027109042028725414, 0.035558998223758076, 0.01472696063050698, 0.07515164480069908, 0.18498608409642409, 0, 0.11848710672906781, 0.0377264081155929, 0.01721295966400939, 0.01632358072052075, 0.019914720868263024, 0.020110356529956148, 0.015687954424861823, 0.017470153521090992, 0.013456118332371897, 0.01811418638383189, 0.009272537173009535, 0.02109780404034064, 0.009162268984687413, 0.009483501619748303, 0.012632727710745107, 0.014111155411114788, 0.014998220751529089, 0.013516233957216635, 0.011375566995876663, 0.013318071721267057, 0.023872