{"FC": [0.25693778226641306, 0.26855097120086235, 0.34473453572568047, 0.1751854396517008, 0.07790888323440044, 0.20744344647329077, 0.4700998527342023, 0.5139971893153703, 0.4826170177644118, 0.23769529402698222, 0.29304459897300034, 0.44013060619702515, 0.2266792264642949, 0.19752208742718888, 0.08811485243796105, 0.11072405877563395, 0.14197615936176758, 0.15839198087962347], "FF": [[0, 0.6122397158050641, 0.7661125343725422, 0.551808892257867, 0.10375106837636151, 0.1460193009689616, 0.8136210968826127, 0.9056118080336, 0.8411739325869744, 0.583286448245806, 0.6605860148671773, 0.8964781993012372, 0.49348968942624477, 0.25945037753982064, 0.1132728200701797, 0.08925086462336228, 0.4043845475576461, 0.3866221830240223], [0.6122397158050641, 0, 0.8865088056958256, 0.4129563939339954, 0.10446251376968385, 0.15615139454203358, 1.0500323097390414, 1.062501874483176, 1.0532270719636005, 1.707137177005723, 0.8033646848797069, 1.0777681182865764, 1.363899050246899, 0.14860719111655363, 0.13017155825715554, 0.09105634563637312, 0.31916071601547563, 0.2254289930436564], [0.7661125343725422, 0.8865088056958256, 0, 0.7263144280000852, 0.12079293078099433, 0.27215664784807925, 1.1718084962938984, 1.2040321097178268, 1.1496695313411218, 0.8233138717828875, 1.0178561390688643, 1.2183054811142517, 0.6991362300789377, 0.24338791157018588, 0.12838370804541488, 0.15976221685429098, 0.41447042199959644, 0.4185513622596133], [0.551808892257867, 0.4129563939339954, 0.7263144280000852, 0, 0.3639837315242088, 0.13733869714132893, 0.7465399065420112, 0.8688419954193431, 0.6932207831457555, 0.36127456573216327, 0.7502960353647452, 0.7661558724840897, 0.3665445742236348, 0.3081200914553892, 0.033107512923211575, 0.08309751044457712, 0.4555733664949857, 0.43638469112976774], [0.10375106837636151, 0.10446251376968385, 0.12079293078099433, 0.3639837315242088, 0, 0.1024751381802087, 0.1644431618059611, 0.19212913677185664, 0.15554571495467126, 0.061455088356996534, 0.09004585430063436, 0.1778202780009022, 0.08580125066534695, 0.2641262688024215, 0.026588578170865993, 0.02547760726946087, 0.2204155741966537, 0.2078242743684192], [0.1460193009689616, 0.15615139454203358, 0.27215664784807925, 0.13733869714132893, 0.1024751381802087, 0, 0.228695918293725, 0.24590505499390367, 0.24371971362387831, 0.2094528526073438, 0.1454533093167458, 0.2536408542711207, 0.1218361268927073, 0.1951146050183079, 0.017863563973532982, 0.03068259631171376, 0.13237139328623496, 0.23280042893152372], [0.8136210968826127, 1.0500323097390414, 1.1718084962938984, 0.7465399065420112, 0.1644431618059611, 0.228695918293725, 0, 2.0953056444886413, 2.1733253994786814, 0.9245707590141903, 1.4987110596395028, 1.9940429024081976, 0.9042432507048284, 0.2764635912867486, 0.10078955065738786, 0.11292788077304526, 0.47207002430609435, 0.38554534605186325], [0.9056118080336, 1.062501874483176, 1.2040321097178268, 0.8688419954193431, 0.19212913677185664, 0.24590505499390367, 2.0953056444886413, 0, 1.8658386470083794, 0.8824374877727023, 1.523608444683327, 2.065440663132091, 0.8998491658719673, 0.3359996234705316, 0.11507104317739135, 0.11786745147019531, 0.5152567163450494, 0.4489893239894638], [0.8411739325869744, 1.0532270719636005, 1.1496695313411218, 0.6932207831457555, 0.15554571495467126, 0.24371971362387831, 2.1733253994786814, 1.8658386470083794, 0, 0.9555779503434132, 1.3635862983965534, 2.0466947328374845, 0.8795446155852692, 0.30312767852447076, 0.08420996304597464, 0.11284396258651595, 0.4833019525589734, 0.3987334370162361], [0.583286448245806, 1.707137177005723, 0.8233138717828875, 0.36127456573216327, 0.061455088356996534, 0.2094528526073438, 0.9245707590141903, 0.8824374877727023, 0.9555779503434132, 0, 0.6876443424021623, 0.9443837348820014, 1.0569830634213213, 0.12421693435511423, 0.10874784108016182, 0.11805037415132415, 0.30214918152980497, 0.1776439305690217], [0.6605860148671773, 0.8033646848797069, 1.0178561390688643, 0.7502960353647452, 0.09004585430063436, 0.1454533093167458, 1.4987110596395028, 1.523608444683327, 1.3635862983965534, 0.6876443424021623, 0, 1.3489322680206344, 0.7219275941303676, 0.14070287445177276, 0.04923325789369305, 0.07222849265857743, 0.28625929606231626, 0.18345423321943086], [0.8964781993012372, 1.0777681182865764, 1.2183054811142517, 0.7661558724840897, 0.1778202780009022, 0.2536408542711207, 1.9940429024081976, 2.065440663132091, 2.0466947328374845, 0.9443837348820014, 1.3489322680206344, 0, 0.8713706652939224, 0.3166390273639248, 0.10580128401977441, 0.11291440608521458, 0.47307284986112386, 0.4345468510644638], [0.49348968942624477, 1.363899050246899, 0.6991362300789377, 0.3665445742236348, 0.08580125066534695, 0.1218361268927073, 0.9042432507048284, 0.8998491658719673, 0.8795446155852692, 1.0569830634213213, 0.7219275941303676, 0.8713706652939224, 0, 0.21122776618983374, 0.14408113413477824, 0.10802455372631005, 0.3447569392115591, 0.23265545618463873], [0.25945037753982064, 0.14860719111655363, 0.24338791157018588, 0.3081200914553892, 0.2641262688024215, 0.1951146050183079, 0.2764635912867486, 0.3359996234705316, 0.30312767852447076, 0.12421693435511423, 0.14070287445177276, 0.3166390273639248, 0.21122776618983374, 0, 0.04891192013320753, 0.04623208380754983, 0.8655940498342379, 0.9714855543973232], [0.1132728200701797, 0.13017155825715554, 0.12838370804541488, 0.033107512923211575, 0.026588578170865993, 0.017863563973532982, 0.10078955065738786, 0.11507104317739135, 0.08420996304597464, 0.10874784108016182, 0.04923325789369305, 0.10580128401977441, 0.14408113413477824, 0.04891192013320753, 0, 0.07044204539187017, 0.08808300588503912, 0.08235944353702097], [0.08925086462336228, 0.09105634563637312, 0.15976221685429098, 0.08309751044457712, 0.02547760726946087, 0.03068259631171376, 0.11292788077304526, 0.11786745147019531, 0.11284396258651595, 0.11805037415132415, 0.07222849265857743, 0.11291440608521458, 0.10802455372631005, 0.04623208380754983, 0.07044204539187017, 0, 0.08373334037540138, 0.09469913323294926], [0.4043845475576461, 0.31916071601547563, 0.41447042199959644, 0.4555733664949857, 0.2204155741966537, 0.13237139328623496, 0.47207002430609435, 0.5152567163450494, 0.4833019525589734, 0.30214918152980497, 0.28625929606231626, 0.47307284986112386, 0.3447569392115591, 0.8655940498342379, 0.08808300588503912, 0.08373334037540138, 0, 1.0455416171931828], [0.3866221830240223, 0.2254289930436564, 0.4185513622596133, 0.43638469112976774, 0.2078242743684192, 0.23280042893152372, 0.38554534605186325, 0.4489893239894638, 0.3987334370162361, 0.1776439305690217, 0.18345423321943086, 0.4345468510644638, 0.23265545618463873, 0.9714855543973232, 0.08235944353702097, 0.09469913323294926, 1.0455416171931828, 0]]}