Generation avgFitness avgFeatures minFitness minFeatures (of bestsolution)
1 -0.00196437676997 2 -0.433804625523 1
2 -0.11062965872 2 -0.433804625523 1
3 -0.305271203994 1 -0.433804625523 1
4 inf 1 -0.433804625523 1
5 -0.423952931133 1 -0.433804625523 1
6 -0.394173338087 1 -0.433804625523 1
7 inf 1 -0.433804625523 1
8 inf 1 -0.433804625523 1
9 -0.442416794401 1 -0.433804625523 1
10 inf 1 -0.433804625523 1
11 inf 1 -0.433804625523 1
12 -0.412412081514 1 -0.433804625523 1
13 inf 1 -0.433804625523 1
14 inf 1 -0.433804625523 1
15 inf 1 -0.433804625523 1
16 -0.417224887439 1 -0.433804625523 1
17 inf 1 -0.433804625523 1
18 inf 1 -0.433804625523 1
19 inf 1 -0.433804625523 1
20 inf 1 -0.433804625523 1
21 inf 1 -0.433804625523 1
22 inf 1 -0.433804625523 1
23 -0.431481416876 1 -0.433804625523 1
24 -0.429663829959 1 -0.433804625523 1
25 inf 1 -0.433804625523 1
26 -0.422022621385 1 -0.433804625523 1
27 -0.429710632472 1 -0.433804625523 1
28 -0.40237381635 1 -0.433804625523 1
29 -0.423051650784 1 -0.433804625523 1
30 inf 1 -0.433804625523 1
31 inf 1 -0.433804625523 1
32 -0.410974461395 1 -0.433804625523 1
33 inf 1 -0.433804625523 1
34 inf 1 -0.433804625523 1
35 -0.40468820726 1 -0.433804625523 1
36 inf 1 -0.433804625523 1
37 inf 1 -0.433804625523 1
38 inf 1 -0.433804625523 1
39 -0.433892443457 1 -0.433804625523 1
40 inf 1 -0.433804625523 1
41 inf 1 -0.433804625523 1
42 -0.368596275994 1 -0.433804625523 1
43 inf 1 -0.433804625523 1
44 -0.388931394525 1 -0.433804625523 1
45 -0.38064984067 1 -0.433804625523 1
46 inf 1 -0.433804625523 1
47 inf 1 -0.433804625523 1
48 -0.350375463084 1 -0.433804625523 1
49 inf 1 -0.433804625523 1
50 -0.429528280701 1 -0.433804625523 1
51 -0.405832002132 1 -0.433804625523 1
52 -0.420070915436 1 -0.433804625523 1
53 -0.389446707819 1 -0.433804625523 1
54 inf 1 -0.433804625523 1
55 inf 1 -0.433804625523 1
56 -0.428868561801 1 -0.433804625523 1
57 -0.440685517341 1 -0.433804625523 1
58 -0.43135780023 1 -0.433804625523 1
59 inf 1 -0.433804625523 1
60 inf 1 -0.433804625523 1
61 inf 1 -0.433804625523 1
62 -0.438650124707 1 -0.433804625523 1
63 inf 1 -0.433804625523 1
64 -0.396886791332 1 -0.433804625523 1
65 inf 1 -0.433804625523 1
66 inf 1 -0.433804625523 1
67 inf 1 -0.433804625523 1
68 inf 1 -0.433804625523 1
69 inf 1 -0.433804625523 1
70 inf 1 -0.433804625523 1
71 -0.394291135654 1 -0.433804625523 1
72 inf 1 -0.433804625523 1
73 -0.416014801875 1 -0.433804625523 1
74 inf 1 -0.433804625523 1
75 inf 1 -0.433804625523 1
76 -0.398756329692 1 -0.433804625523 1
77 -0.39386419421 1 -0.433804625523 1
78 -0.42470660441 1 -0.433804625523 1
79 inf 1 -0.433804625523 1
80 -0.398468667123 1 -0.433804625523 1
81 inf 1 -0.433804625523 1
82 -0.41358387968 1 -0.433804625523 1
83 inf 1 -0.433804625523 1
84 -0.395729220268 1 -0.433804625523 1
85 -0.424226499543 1 -0.433804625523 1
86 -0.429215968635 1 -0.433804625523 1
87 inf 1 -0.433804625523 1
88 inf 1 -0.433804625523 1
89 inf 1 -0.433804625523 1
90 inf 1 -0.433804625523 1
91 inf 1 -0.433804625523 1
92 inf 1 -0.433804625523 1
93 inf 1 -0.433804625523 1
94 inf 1 -0.433804625523 1
95 inf 1 -0.433804625523 1
96 inf 0 -0.433804625523 1
97 -0.431453705356 1 -0.433804625523 1
98 inf 1 -0.433804625523 1
99 inf 1 -0.433804625523 1
100 inf 1 -0.433804625523 1
