Generation avgFitness avgFeatures minFitness minFeatures (of bestsolution)
1 0.220203843426 3 -0.433804625523 1
2 -0.109418363154 2 -0.433804625523 1
3 inf 1 -0.433804625523 1
4 inf 1 -0.433804625523 1
5 inf 1 -0.433804625523 1
6 inf 1 -0.433804625523 1
7 -0.411672545926 1 -0.433804625523 1
8 -0.420134958227 1 -0.433804625523 1
9 -0.384955611408 1 -0.433804625523 1
10 inf 1 -0.433804625523 1
11 -0.406857992213 1 -0.433804625523 1
12 inf 1 -0.433804625523 1
13 -0.41811626686 1 -0.433804625523 1
14 -0.438717176598 1 -0.433804625523 1
15 inf 1 -0.433804625523 1
16 inf 1 -0.433804625523 1
17 inf 1 -0.433804625523 1
18 inf 1 -0.433804625523 1
19 -0.36605436645 1 -0.433804625523 1
20 -0.410835054429 1 -0.433804625523 1
21 inf 1 -0.433804625523 1
22 -0.360200417756 1 -0.433804625523 1
23 -0.397556634516 1 -0.433804625523 1
24 -0.381740700548 1 -0.433804625523 1
25 inf 1 -0.433804625523 1
26 -0.423365040695 1 -0.433804625523 1
27 -0.395612489533 1 -0.433804625523 1
28 -0.421546837561 1 -0.433804625523 1
29 -0.407961258454 1 -0.433804625523 1
30 inf 1 -0.433804625523 1
31 -0.407535521263 1 -0.433804625523 1
32 -0.392234966776 1 -0.433804625523 1
33 -0.374544846749 1 -0.433804625523 1
34 inf 1 -0.433804625523 1
35 inf 1 -0.433804625523 1
36 -0.404822280134 1 -0.433804625523 1
37 -0.400513662048 1 -0.433804625523 1
38 -0.394037800758 1 -0.433804625523 1
39 -0.396136789619 1 -0.433804625523 1
40 inf 1 -0.433804625523 1
41 -0.384400303143 1 -0.433804625523 1
42 -0.40344243133 1 -0.433804625523 1
43 -0.414037760804 1 -0.433804625523 1
44 -0.409930898888 1 -0.433804625523 1
45 -0.332827710077 1 -0.433804625523 1
46 inf 1 -0.433804625523 1
47 -0.403154722487 1 -0.433804625523 1
48 -0.400793250522 1 -0.433804625523 1
49 inf 1 -0.433804625523 1
50 inf 1 -0.433804625523 1
51 -0.374714688983 1 -0.433804625523 1
52 -0.388273713749 1 -0.433804625523 1
53 inf 1 -0.433804625523 1
54 -0.389384555724 1 -0.433804625523 1
55 inf 1 -0.433804625523 1
56 -0.39222021108 1 -0.433804625523 1
57 inf 1 -0.433804625523 1
58 inf 1 -0.433804625523 1
59 inf 1 -0.433804625523 1
60 inf 1 -0.433804625523 1
61 inf 1 -0.433804625523 1
62 inf 1 -0.433804625523 1
63 inf 1 -0.433804625523 1
64 -0.390153856339 1 -0.433804625523 1
65 -0.418356344581 1 -0.433804625523 1
66 inf 1 -0.433804625523 1
67 inf 1 -0.433804625523 1
68 -0.370284199626 1 -0.433804625523 1
69 inf 1 -0.433804625523 1
70 inf 1 -0.433804625523 1
71 -0.362767652026 1 -0.433804625523 1
72 -0.404423406402 1 -0.433804625523 1
73 inf 1 -0.433804625523 1
74 inf 1 -0.433804625523 1
75 -0.420575031218 1 -0.433804625523 1
76 inf 1 -0.433804625523 1
77 inf 1 -0.433804625523 1
78 -0.381229903618 1 -0.433804625523 1
79 inf 1 -0.433804625523 1
80 inf 1 -0.433804625523 1
81 inf 1 -0.433804625523 1
82 -0.381041699976 1 -0.433804625523 1
83 inf 1 -0.433804625523 1
84 inf 1 -0.433804625523 1
85 -0.399741372604 1 -0.433804625523 1
86 inf 1 -0.433804625523 1
87 inf 1 -0.433804625523 1
88 -0.432818690964 1 -0.433804625523 1
89 inf 1 -0.433804625523 1
90 -0.400282406721 1 -0.433804625523 1
91 -0.420918656596 1 -0.433804625523 1
92 inf 1 -0.433804625523 1
93 -0.423562579852 1 -0.433804625523 1
94 inf 1 -0.433804625523 1
95 inf 1 -0.433804625523 1
96 inf 1 -0.433804625523 1
97 inf 1 -0.433804625523 1
98 inf 1 -0.433804625523 1
99 -0.429711740171 1 -0.433804625523 1
100 inf 1 -0.433804625523 1
