Generation avgFitness avgFeatures minFitness minFeatures (of bestsolution)
1 1.02213221105 4 -0.347408953695 2
2 0.321386412302 3 -0.347408953695 2
3 inf 2 -0.433804625523 1
4 -0.151901062966 2 -0.433804625523 1
5 -0.223185465538 2 -0.433804625523 1
6 inf 1 -0.433804625523 1
7 inf 1 -0.433804625523 1
8 inf 1 -0.433804625523 1
9 inf 1 -0.433804625523 1
10 -0.386830547532 1 -0.433804625523 1
11 -0.433260487859 1 -0.433804625523 1
12 -0.382901374388 1 -0.433804625523 1
13 -0.433324949633 1 -0.433804625523 1
14 -0.405632380534 1 -0.433804625523 1
15 -0.391761111612 1 -0.433804625523 1
16 -0.401676129875 1 -0.433804625523 1
17 inf 1 -0.433804625523 1
18 -0.422485153509 1 -0.433804625523 1
19 inf 1 -0.433804625523 1
20 -0.422172926283 1 -0.433804625523 1
21 -0.346637820952 1 -0.433804625523 1
22 -0.390086361345 1 -0.433804625523 1
23 inf 1 -0.433804625523 1
24 inf 1 -0.433804625523 1
25 -0.407510921437 1 -0.433804625523 1
26 -0.405734355218 1 -0.433804625523 1
27 inf 1 -0.433804625523 1
28 -0.377945837524 1 -0.433804625523 1
29 -0.395246477639 1 -0.433804625523 1
30 -0.425277474957 1 -0.433804625523 1
31 inf 1 -0.433804625523 1
32 inf 1 -0.433804625523 1
33 -0.380952052593 1 -0.433804625523 1
34 -0.399929436571 1 -0.433804625523 1
35 -0.440859008192 1 -0.433804625523 1
36 -0.380073172429 1 -0.433804625523 1
37 inf 1 -0.433804625523 1
38 -0.399181481654 1 -0.433804625523 1
39 -0.400121546517 1 -0.433804625523 1
40 inf 1 -0.433804625523 1
41 -0.401207212547 1 -0.433804625523 1
42 inf 1 -0.433804625523 1
43 inf 1 -0.433804625523 1
44 -0.395285407344 1 -0.433804625523 1
45 -0.406781503297 1 -0.433804625523 1
46 inf 1 -0.433804625523 1
47 -0.43435992561 1 -0.433804625523 1
48 inf 1 -0.433804625523 1
49 inf 1 -0.433804625523 1
50 -0.410034015694 1 -0.433804625523 1
51 -0.404256038131 1 -0.433804625523 1
52 -0.420908537643 1 -0.433804625523 1
53 inf 1 -0.433804625523 1
54 -0.425693943069 1 -0.433804625523 1
55 -0.362308443207 1 -0.433804625523 1
56 -0.413978285109 1 -0.433804625523 1
57 inf 1 -0.433804625523 1
58 inf 1 -0.433804625523 1
59 inf 1 -0.433804625523 1
60 -0.416596527188 1 -0.433804625523 1
61 -0.414012386627 1 -0.433804625523 1
62 -0.327336259576 1 -0.433804625523 1
63 inf 1 -0.433804625523 1
64 -0.391141745761 1 -0.433804625523 1
65 inf 1 -0.433804625523 1
66 inf 1 -0.433804625523 1
67 inf 1 -0.433804625523 1
68 inf 1 -0.433804625523 1
69 inf 1 -0.433804625523 1
70 -0.424042543936 1 -0.433804625523 1
71 -0.420881089394 1 -0.433804625523 1
72 -0.381616820414 1 -0.433804625523 1
73 -0.428535992935 1 -0.433804625523 1
74 -0.439443321265 1 -0.433804625523 1
75 inf 1 -0.433804625523 1
76 -0.418992622429 1 -0.433804625523 1
77 inf 1 -0.433804625523 1
78 -0.424453494253 1 -0.433804625523 1
79 -0.426381384387 1 -0.433804625523 1
80 -0.399710614135 1 -0.433804625523 1
81 -0.392322732682 1 -0.433804625523 1
82 -0.415117808272 1 -0.433804625523 1
83 -0.356482323998 1 -0.433804625523 1
84 -0.417619902087 1 -0.433804625523 1
85 -0.395537417745 1 -0.433804625523 1
86 inf 1 -0.433804625523 1
87 -0.423639198469 1 -0.433804625523 1
88 -0.418193354826 1 -0.433804625523 1
89 -0.384555151189 1 -0.433804625523 1
90 -0.406900214951 1 -0.433804625523 1
91 -0.435939089433 1 -0.433804625523 1
92 -0.401539647394 1 -0.433804625523 1
93 inf 1 -0.433804625523 1
94 -0.417490968854 1 -0.433804625523 1
95 -0.381672520359 1 -0.433804625523 1
96 inf 1 -0.433804625523 1
97 -0.382576135041 1 -0.433804625523 1
98 inf 1 -0.433804625523 1
99 -0.428191779267 1 -0.433804625523 1
100 inf 1 -0.433804625523 1
