Generation avgFitness avgFeatures minFitness minFeatures (of bestsolution)
1 0.0191639436683 2 -0.425878624047 2
2 -0.273694017202 2 -0.425878624047 2
3 -0.339501836477 2 -0.430462573061 1
4 inf 1 -0.430462573061 1
5 -0.318742867078 1 -0.430462573061 1
6 -0.395246771574 1 -0.430462573061 1
7 -0.371356971666 1 -0.430462573061 1
8 -0.414325928583 1 -0.430462573061 1
9 -0.340890744983 1 -0.430462573061 1
10 inf 1 -0.430462573061 1
11 inf 1 -0.430462573061 1
12 -0.394934135994 1 -0.430462573061 1
13 inf 1 -0.430462573061 1
14 inf 1 -0.430462573061 1
15 -0.412651666222 1 -0.430462573061 1
16 inf 1 -0.430462573061 1
17 -0.374351025829 1 -0.430462573061 1
18 inf 1 -0.430462573061 1
19 inf 1 -0.430462573061 1
20 -0.380962902946 1 -0.430462573061 1
21 -0.387428886483 1 -0.430462573061 1
22 inf 1 -0.430462573061 1
23 inf 1 -0.430462573061 1
24 inf 1 -0.430462573061 1
25 inf 1 -0.430462573061 1
26 inf 1 -0.430462573061 1
27 inf 1 -0.430462573061 1
28 inf 1 -0.433804625523 1
29 -0.407295354537 1 -0.433804625523 1
30 -0.409267765267 1 -0.433804625523 1
31 inf 1 -0.433804625523 1
32 inf 1 -0.433804625523 1
33 inf 1 -0.433804625523 1
34 -0.349708620683 1 -0.433804625523 1
35 -0.377670526677 1 -0.433804625523 1
36 inf 1 -0.433804625523 1
37 inf 1 -0.433804625523 1
38 -0.405560991409 1 -0.433804625523 1
39 inf 1 -0.433804625523 1
40 -0.402825882636 1 -0.433804625523 1
41 -0.378283475216 1 -0.433804625523 1
42 -0.363470172882 1 -0.433804625523 1
43 inf 1 -0.433804625523 1
44 -0.351210705272 1 -0.433804625523 1
45 inf 1 -0.433804625523 1
46 -0.376084125421 1 -0.433804625523 1
47 inf 1 -0.433804625523 1
48 inf 1 -0.433804625523 1
49 -0.41175559293 1 -0.433804625523 1
50 inf 1 -0.433804625523 1
51 -0.348552699077 1 -0.433804625523 1
52 -0.394406418702 1 -0.433804625523 1
53 -0.407790592824 1 -0.433804625523 1
54 -0.37996604729 1 -0.433804625523 1
55 -0.410401848119 1 -0.433804625523 1
56 -0.400644572408 1 -0.433804625523 1
57 -0.42152370816 1 -0.433804625523 1
58 -0.416829825869 1 -0.433804625523 1
59 -0.372458955583 1 -0.433804625523 1
60 inf 1 -0.433804625523 1
61 inf 1 -0.433804625523 1
62 inf 1 -0.433804625523 1
63 inf 1 -0.433804625523 1
64 -0.430571083935 1 -0.433804625523 1
65 -0.411259425612 1 -0.433804625523 1
66 -0.41272401127 1 -0.433804625523 1
67 -0.41251615123 1 -0.433804625523 1
68 inf 1 -0.433804625523 1
69 -0.373792773563 1 -0.433804625523 1
70 -0.325060890921 1 -0.433804625523 1
71 -0.391229538213 1 -0.433804625523 1
72 inf 1 -0.433804625523 1
73 -0.384307972212 1 -0.433804625523 1
74 -0.382426951606 1 -0.433804625523 1
75 -0.374590820597 1 -0.433804625523 1
76 inf 1 -0.433804625523 1
77 inf 1 -0.433804625523 1
78 inf 1 -0.433804625523 1
79 inf 1 -0.433804625523 1
80 -0.326701019983 1 -0.433804625523 1
81 inf 1 -0.433804625523 1
82 inf 1 -0.433804625523 1
83 inf 1 -0.433804625523 1
84 inf 1 -0.433804625523 1
85 inf 1 -0.433804625523 1
86 inf 1 -0.433804625523 1
87 inf 1 -0.433804625523 1
88 inf 1 -0.433804625523 1
89 inf 1 -0.433804625523 1
90 inf 1 -0.433804625523 1
91 inf 1 -0.433804625523 1
92 -0.356288242838 1 -0.433804625523 1
93 -0.382976895233 1 -0.433804625523 1
94 inf 1 -0.433804625523 1
95 inf 1 -0.433804625523 1
96 inf 1 -0.433804625523 1
97 -0.394117250042 1 -0.433804625523 1
98 inf 1 -0.433804625523 1
99 -0.37416973185 1 -0.433804625523 1
100 inf 1 -0.433804625523 1
