Generation avgFitness avgFeatures minFitness minFeatures (of bestsolution)
1 0.13279918826 3 -0.430462573061 1
2 -0.120302545809 2 -0.430462573061 1
3 -0.241559134999 1 -0.430462573061 1
4 -0.367635614741 1 -0.430462573061 1
5 inf 1 -0.430462573061 1
6 inf 1 -0.430462573061 1
7 -0.337329832465 1 -0.430462573061 1
8 inf 1 -0.430462573061 1
9 -0.32112299328 1 -0.430462573061 1
10 -0.341248452899 1 -0.430462573061 1
11 -0.393259129309 1 -0.430462573061 1
12 -0.390821165165 1 -0.430462573061 1
13 -0.397790148386 1 -0.430462573061 1
14 inf 1 -0.430462573061 1
15 inf 1 -0.430462573061 1
16 -0.408038367313 1 -0.430462573061 1
17 -0.409699216044 1 -0.430462573061 1
18 inf 1 -0.430462573061 1
19 -0.358136526847 1 -0.430462573061 1
20 inf 1 -0.430462573061 1
21 -0.43173160865 1 -0.430462573061 1
22 inf 1 -0.430462573061 1
23 -0.40011248157 1 -0.430462573061 1
24 -0.397723028451 1 -0.430462573061 1
25 inf 1 -0.430462573061 1
26 inf 1 -0.430462573061 1
27 inf 1 -0.430462573061 1
28 inf 1 -0.430462573061 1
29 -0.387773715989 1 -0.430462573061 1
30 inf 1 -0.430462573061 1
31 inf 1 -0.430462573061 1
32 -0.421256394633 1 -0.430462573061 1
33 inf 1 -0.430462573061 1
34 -0.391146787232 1 -0.430462573061 1
35 inf 1 -0.430462573061 1
36 inf 1 -0.430462573061 1
37 inf 1 -0.430462573061 1
38 inf 1 -0.430462573061 1
39 -0.354737899158 1 -0.430462573061 1
40 inf 1 -0.430462573061 1
41 -0.409816116186 1 -0.430462573061 1
42 inf 1 -0.430462573061 1
43 inf 1 -0.430462573061 1
44 -0.370281910306 1 -0.430462573061 1
45 -0.424502980969 1 -0.430462573061 1
46 inf 1 -0.430462573061 1
47 -0.432308366812 1 -0.430462573061 1
48 -0.332591212912 1 -0.430462573061 1
49 inf 1 -0.430462573061 1
50 inf 1 -0.430462573061 1
51 inf 1 -0.430462573061 1
52 -0.410501523135 1 -0.430462573061 1
53 inf 1 -0.430462573061 1
54 -0.393087954101 1 -0.430462573061 1
55 -0.408145778331 1 -0.430462573061 1
56 -0.420696049833 1 -0.430462573061 1
57 inf 1 -0.430462573061 1
58 inf 1 -0.430462573061 1
59 -0.376851924375 1 -0.430462573061 1
60 -0.357039090364 1 -0.430462573061 1
61 inf 1 -0.430462573061 1
62 -0.349567889592 1 -0.430462573061 1
63 inf 1 -0.430462573061 1
64 inf 1 -0.430462573061 1
65 -0.373950159884 1 -0.430462573061 1
66 -0.301262911951 1 -0.430462573061 1
67 -0.330606858682 1 -0.430462573061 1
68 inf 1 -0.430462573061 1
69 inf 1 -0.430462573061 1
70 -0.385142499199 1 -0.430462573061 1
71 inf 1 -0.430462573061 1
72 -0.399344638772 1 -0.430462573061 1
73 inf 1 -0.430462573061 1
74 -0.356392873657 1 -0.430462573061 1
75 -0.186008354692 1 -0.430462573061 1
76 -0.375545384987 1 -0.430462573061 1
77 inf 1 -0.430462573061 1
78 inf 1 -0.430462573061 1
79 -0.385981934191 1 -0.433804625523 1
80 inf 1 -0.433804625523 1
81 inf 1 -0.433804625523 1
82 inf 1 -0.433804625523 1
83 inf 1 -0.433804625523 1
84 -0.343735860173 1 -0.433804625523 1
85 inf 1 -0.433804625523 1
86 inf 1 -0.433804625523 1
87 inf 1 -0.433804625523 1
88 inf 1 -0.433804625523 1
89 inf 1 -0.433804625523 1
90 inf 1 -0.433804625523 1
91 inf 1 -0.433804625523 1
92 -0.372360159544 1 -0.433804625523 1
93 inf 1 -0.433804625523 1
94 inf 1 -0.433804625523 1
95 inf 1 -0.433804625523 1
96 -0.371741629273 1 -0.433804625523 1
97 -0.368224509486 1 -0.433804625523 1
98 inf 1 -0.433804625523 1
99 -0.374106483914 1 -0.433804625523 1
100 inf 1 -0.433804625523 1
