Generation avgFitness avgFeatures minFitness minFeatures (of bestsolution)
1 0.488132441363 3 -0.40656354774 2
2 inf 2 -0.433804625523 1
3 -0.288977841964 2 -0.433804625523 1
4 inf 2 -0.433804625523 1
5 -0.374750155479 1 -0.433804625523 1
6 -0.402904939262 1 -0.433804625523 1
7 -0.394297494666 1 -0.433804625523 1
8 -0.387527336859 1 -0.433804625523 1
9 inf 1 -0.433804625523 1
10 -0.373803944652 1 -0.433804625523 1
11 -0.405384467639 1 -0.433804625523 1
12 inf 1 -0.433804625523 1
13 -0.413789271577 1 -0.433804625523 1
14 inf 1 -0.433804625523 1
15 inf 1 -0.433804625523 1
16 -0.389184319809 1 -0.433804625523 1
17 -0.424706301435 1 -0.433804625523 1
18 -0.407972654949 1 -0.433804625523 1
19 -0.399217474332 1 -0.433804625523 1
20 -0.404955527296 1 -0.433804625523 1
21 -0.378136832824 1 -0.433804625523 1
22 -0.432988095338 1 -0.433804625523 1
23 inf 1 -0.433804625523 1
24 -0.354783078761 1 -0.433804625523 1
25 inf 1 -0.433804625523 1
26 inf 1 -0.433804625523 1
27 inf 1 -0.433804625523 1
28 inf 1 -0.433804625523 1
29 inf 1 -0.433804625523 1
30 inf 1 -0.433804625523 1
31 inf 1 -0.433804625523 1
32 inf 1 -0.433804625523 1
33 inf 1 -0.433804625523 1
34 inf 1 -0.433804625523 1
35 -0.350119324836 1 -0.433804625523 1
36 -0.417386445679 1 -0.433804625523 1
37 inf 1 -0.433804625523 1
38 inf 1 -0.433804625523 1
39 inf 1 -0.433804625523 1
40 inf 1 -0.433804625523 1
41 inf 1 -0.433804625523 1
42 inf 1 -0.433804625523 1
43 inf 1 -0.433804625523 1
44 inf 1 -0.433804625523 1
45 inf 1 -0.433804625523 1
46 -0.441749301217 1 -0.433804625523 1
47 -0.400243632658 1 -0.433804625523 1
48 inf 1 -0.433804625523 1
49 inf 1 -0.433804625523 1
50 -0.370072589729 1 -0.433804625523 1
51 -0.385345413108 1 -0.433804625523 1
52 inf 1 -0.433804625523 1
53 inf 1 -0.433804625523 1
54 inf 1 -0.433804625523 1
55 inf 1 -0.433804625523 1
56 inf 1 -0.433804625523 1
57 -0.369714173865 1 -0.433804625523 1
58 -0.417990890657 1 -0.433804625523 1
59 -0.407529645902 1 -0.433804625523 1
60 inf 1 -0.433804625523 1
61 -0.412259613787 1 -0.433804625523 1
62 -0.406552471213 1 -0.433804625523 1
63 -0.429651897348 1 -0.433804625523 1
64 inf 1 -0.433804625523 1
65 inf 1 -0.433804625523 1
66 -0.396964275312 1 -0.433804625523 1
67 inf 1 -0.433804625523 1
68 -0.326362984753 1 -0.433804625523 1
69 inf 1 -0.433804625523 1
70 inf 1 -0.433804625523 1
71 inf 1 -0.433804625523 1
72 -0.343764116273 1 -0.433804625523 1
73 inf 1 -0.433804625523 1
74 inf 1 -0.433804625523 1
75 inf 1 -0.433804625523 1
76 inf 1 -0.433804625523 1
77 -0.409329397571 1 -0.433804625523 1
78 inf 1 -0.433804625523 1
79 -0.39787445816 1 -0.433804625523 1
80 inf 1 -0.433804625523 1
81 inf 1 -0.433804625523 1
82 -0.349718361139 1 -0.433804625523 1
83 inf 1 -0.433804625523 1
84 inf 1 -0.433804625523 1
85 inf 1 -0.433804625523 1
86 -0.377815825968 1 -0.433804625523 1
87 inf 1 -0.433804625523 1
88 inf 1 -0.433804625523 1
89 -0.373340603741 1 -0.433804625523 1
90 -0.397121466527 1 -0.433804625523 1
91 inf 1 -0.433804625523 1
92 inf 1 -0.433804625523 1
93 inf 1 -0.433804625523 1
94 inf 1 -0.433804625523 1
95 -0.413634060579 1 -0.433804625523 1
96 -0.393507492429 1 -0.433804625523 1
97 -0.405755050346 1 -0.433804625523 1
98 inf 1 -0.433804625523 1
99 -0.365817433057 1 -0.433804625523 1
100 inf 1 -0.433804625523 1
