Generation avgFitness avgFeatures minFitness minFeatures (of bestsolution)
1 0.168167537372 3 -0.433804625523 1
2 inf 2 -0.433804625523 1
3 -0.304215181857 1 -0.433804625523 1
4 -0.227439365137 2 -0.433804625523 1
5 -0.237306500412 2 -0.433804625523 1
6 inf 1 -0.433804625523 1
7 inf 1 -0.433804625523 1
8 inf 1 -0.433804625523 1
9 -0.348790398722 1 -0.433804625523 1
10 inf 1 -0.433804625523 1
11 inf 1 -0.433804625523 1
12 -0.395926783944 1 -0.433804625523 1
13 inf 1 -0.433804625523 1
14 inf 1 -0.433804625523 1
15 -0.37002765994 1 -0.433804625523 1
16 inf 1 -0.433804625523 1
17 -0.386426827382 1 -0.433804625523 1
18 inf 1 -0.433804625523 1
19 -0.411232731251 1 -0.433804625523 1
20 -0.363932775728 1 -0.433804625523 1
21 -0.414825586454 1 -0.433804625523 1
22 inf 1 -0.433804625523 1
23 -0.427421791903 1 -0.433804625523 1
24 inf 1 -0.433804625523 1
25 -0.325630927849 1 -0.433804625523 1
26 -0.381627930052 1 -0.433804625523 1
27 inf 1 -0.433804625523 1
28 inf 1 -0.433804625523 1
29 -0.41208395147 1 -0.433804625523 1
30 -0.372873901062 1 -0.433804625523 1
31 inf 1 -0.433804625523 1
32 -0.369316294261 1 -0.433804625523 1
33 inf 1 -0.433804625523 1
34 inf 1 -0.433804625523 1
35 -0.383100317079 1 -0.433804625523 1
36 inf 1 -0.433804625523 1
37 inf 1 -0.433804625523 1
38 inf 1 -0.433804625523 1
39 inf 1 -0.433804625523 1
40 inf 1 -0.433804625523 1
41 -0.381918994731 1 -0.433804625523 1
42 inf 1 -0.433804625523 1
43 inf 1 -0.433804625523 1
44 -0.394925429705 1 -0.433804625523 1
45 inf 1 -0.433804625523 1
46 -0.406029548723 1 -0.433804625523 1
47 -0.374872071458 1 -0.433804625523 1
48 -0.38450375484 1 -0.433804625523 1
49 -0.406428973993 1 -0.433804625523 1
50 inf 1 -0.433804625523 1
51 -0.39324597698 1 -0.433804625523 1
52 -0.394094587877 1 -0.433804625523 1
53 -0.397896669051 1 -0.433804625523 1
54 inf 1 -0.433804625523 1
55 -0.40439213841 1 -0.433804625523 1
56 inf 1 -0.433804625523 1
57 inf 1 -0.433804625523 1
58 inf 1 -0.433804625523 1
59 -0.406481126752 1 -0.433804625523 1
60 -0.392400653231 1 -0.433804625523 1
61 -0.420823681781 1 -0.433804625523 1
62 inf 1 -0.433804625523 1
63 inf 1 -0.433804625523 1
64 inf 1 -0.433804625523 1
65 inf 1 -0.433804625523 1
66 inf 1 -0.433804625523 1
67 inf 1 -0.433804625523 1
68 -0.367558180766 1 -0.433804625523 1
69 -0.417386445679 1 -0.433804625523 1
70 inf 1 -0.433804625523 1
71 -0.397316638587 1 -0.433804625523 1
72 -0.416635204211 1 -0.433804625523 1
73 -0.40586050582 1 -0.433804625523 1
74 -0.38352612481 1 -0.433804625523 1
75 -0.350214111449 1 -0.433804625523 1
76 -0.384578431053 1 -0.433804625523 1
77 inf 1 -0.433804625523 1
78 -0.345007344329 1 -0.433804625523 1
79 inf 1 -0.433804625523 1
80 -0.391732102919 1 -0.433804625523 1
81 -0.368939155639 1 -0.433804625523 1
82 -0.415762805365 1 -0.433804625523 1
83 -0.387904544849 1 -0.433804625523 1
84 inf 1 -0.433804625523 1
85 -0.39195643637 1 -0.433804625523 1
86 -0.394648164911 1 -0.433804625523 1
87 inf 1 -0.433804625523 1
88 inf 1 -0.433804625523 1
89 -0.415939989821 1 -0.433804625523 1
90 inf 1 -0.433804625523 1
91 inf 1 -0.433804625523 1
92 inf 1 -0.433804625523 1
93 inf 1 -0.433804625523 1
94 inf 1 -0.433804625523 1
95 inf 1 -0.433804625523 1
96 inf 1 -0.433804625523 1
97 inf 1 -0.433804625523 1
98 -0.388691790497 1 -0.433804625523 1
99 inf 1 -0.433804625523 1
100 -0.418845161554 1 -0.433804625523 1
