Generation avgFitness avgFeatures minFitness minFeatures (of bestsolution)
1 inf 2 -0.433804625523 1
2 -0.0813472818717 2 -0.433804625523 1
3 -0.326380805629 1 -0.433804625523 1
4 inf 1 -0.433804625523 1
5 inf 1 -0.433804625523 1
6 inf 1 -0.433804625523 1
7 -0.411618130649 1 -0.433804625523 1
8 -0.373984857688 1 -0.433804625523 1
9 -0.345581071862 1 -0.433804625523 1
10 -0.397732926032 1 -0.433804625523 1
11 inf 1 -0.433804625523 1
12 -0.374933459129 1 -0.433804625523 1
13 -0.393935183375 1 -0.433804625523 1
14 -0.40553453739 1 -0.433804625523 1
15 inf 1 -0.433804625523 1
16 -0.37765533495 1 -0.433804625523 1
17 inf 1 -0.433804625523 1
18 -0.427970494493 1 -0.433804625523 1
19 inf 1 -0.433804625523 1
20 -0.405286764452 1 -0.433804625523 1
21 -0.402121210687 1 -0.433804625523 1
22 inf 1 -0.433804625523 1
23 inf 1 -0.433804625523 1
24 -0.342805888935 1 -0.433804625523 1
25 inf 1 -0.433804625523 1
26 inf 1 -0.433804625523 1
27 inf 1 -0.433804625523 1
28 -0.416206003274 1 -0.433804625523 1
29 inf 1 -0.433804625523 1
30 inf 1 -0.433804625523 1
31 inf 1 -0.433804625523 1
32 inf 1 -0.433804625523 1
33 inf 1 -0.433804625523 1
34 inf 1 -0.433804625523 1
35 inf 1 -0.433804625523 1
36 -0.428123954724 1 -0.433804625523 1
37 inf 1 -0.433804625523 1
38 inf 1 -0.433804625523 1
39 inf 1 -0.433804625523 1
40 -0.391858461024 1 -0.433804625523 1
41 -0.415197704944 1 -0.433804625523 1
42 inf 1 -0.433804625523 1
43 -0.435919058813 1 -0.433804625523 1
44 inf 1 -0.433804625523 1
45 inf 1 -0.433804625523 1
46 -0.412653264455 1 -0.433804625523 1
47 inf 1 -0.433804625523 1
48 inf 1 -0.433804625523 1
49 -0.382260569542 1 -0.433804625523 1
50 -0.395909088012 1 -0.433804625523 1
51 -0.390832906032 1 -0.433804625523 1
52 inf 1 -0.433804625523 1
53 -0.420846246358 1 -0.433804625523 1
54 inf 1 -0.433804625523 1
55 inf 1 -0.433804625523 1
56 -0.418063319162 1 -0.433804625523 1
57 inf 1 -0.433804625523 1
58 -0.410297245787 1 -0.433804625523 1
59 inf 1 -0.433804625523 1
60 -0.420719727208 1 -0.433804625523 1
61 inf 1 -0.433804625523 1
62 -0.31526807852 1 -0.433804625523 1
63 inf 1 -0.433804625523 1
64 -0.419764982283 1 -0.433804625523 1
65 -0.30939427678 1 -0.433804625523 1
66 inf 1 -0.433804625523 1
67 -0.412018839199 1 -0.433804625523 1
68 inf 1 -0.433804625523 1
69 inf 1 -0.433804625523 1
70 -0.348864962963 1 -0.433804625523 1
71 -0.390319040657 1 -0.433804625523 1
72 inf 1 -0.433804625523 1
73 inf 1 -0.433804625523 1
74 -0.407404923279 1 -0.433804625523 1
75 -0.41880868874 1 -0.433804625523 1
76 inf 1 -0.433804625523 1
77 inf 1 -0.433804625523 1
78 inf 1 -0.433804625523 1
79 -0.319299734897 1 -0.433804625523 1
80 -0.405406873301 1 -0.433804625523 1
81 -0.39436422371 1 -0.433804625523 1
82 inf 1 -0.433804625523 1
83 -0.381150990523 1 -0.433804625523 1
84 -0.322509493827 1 -0.433804625523 1
85 inf 1 -0.433804625523 1
86 inf 1 -0.433804625523 1
87 inf 1 -0.433804625523 1
88 -0.400127543777 1 -0.433804625523 1
89 inf 1 -0.433804625523 1
90 inf 1 -0.433804625523 1
91 inf 1 -0.433804625523 1
92 inf 1 -0.433804625523 1
93 inf 1 -0.433804625523 1
94 -0.402301085589 1 -0.433804625523 1
95 -0.328411496492 1 -0.433804625523 1
96 inf 1 -0.433804625523 1
97 -0.427454466158 1 -0.433804625523 1
98 inf 1 -0.433804625523 1
99 -0.365454682993 1 -0.433804625523 1
100 -0.418168589886 1 -0.433804625523 1
