Generation avgFitness avgFeatures minFitness minFeatures (of bestsolution)
1 0.354661420033 3 -0.356159875257 2
2 -0.177673814882 2 -0.356159875257 2
3 -0.217408123313 2 -0.356159875257 2
4 -0.269004810135 2 -0.433804625523 1
5 inf 2 -0.433804625523 1
6 inf 1 -0.433804625523 1
7 inf 1 -0.433804625523 1
8 inf 1 -0.433804625523 1
9 -0.408275614309 1 -0.433804625523 1
10 inf 1 -0.433804625523 1
11 inf 1 -0.433804625523 1
12 -0.412640145777 1 -0.433804625523 1
13 -0.40767145636 1 -0.433804625523 1
14 inf 1 -0.433804625523 1
15 inf 1 -0.433804625523 1
16 inf 1 -0.433804625523 1
17 inf 1 -0.433804625523 1
18 inf 1 -0.433804625523 1
19 inf 1 -0.433804625523 1
20 -0.405891882952 1 -0.433804625523 1
21 inf 1 -0.433804625523 1
22 -0.396467713269 1 -0.433804625523 1
23 -0.401270432426 1 -0.433804625523 1
24 inf 1 -0.433804625523 1
25 -0.406609507075 1 -0.433804625523 1
26 -0.383507226647 1 -0.433804625523 1
27 inf 1 -0.433804625523 1
28 -0.403824877906 1 -0.433804625523 1
29 -0.40804212579 1 -0.433804625523 1
30 -0.426490345792 1 -0.433804625523 1
31 -0.363217836136 1 -0.433804625523 1
32 inf 1 -0.433804625523 1
33 inf 1 -0.433804625523 1
34 -0.369367117751 1 -0.433804625523 1
35 -0.353794513457 1 -0.433804625523 1
36 -0.335774707163 1 -0.433804625523 1
37 -0.410329014775 1 -0.433804625523 1
38 -0.411173038804 1 -0.433804625523 1
39 inf 1 -0.433804625523 1
40 -0.400310050118 1 -0.433804625523 1
41 inf 1 -0.433804625523 1
42 inf 1 -0.433804625523 1
43 -0.396447755873 1 -0.433804625523 1
44 -0.399640850422 1 -0.433804625523 1
45 -0.42540353702 1 -0.433804625523 1
46 inf 1 -0.433804625523 1
47 inf 1 -0.433804625523 1
48 -0.384866466711 1 -0.433804625523 1
49 inf 1 -0.433804625523 1
50 inf 1 -0.433804625523 1
51 -0.380153075368 1 -0.433804625523 1
52 -0.421301232046 1 -0.433804625523 1
53 -0.364353081753 1 -0.433804625523 1
54 -0.407640231677 1 -0.433804625523 1
55 -0.404094040708 1 -0.433804625523 1
56 inf 1 -0.433804625523 1
57 inf 1 -0.433804625523 1
58 -0.366282672617 1 -0.433804625523 1
59 -0.359082490747 1 -0.433804625523 1
60 -0.40449001624 1 -0.433804625523 1
61 inf 1 -0.433804625523 1
62 -0.299784969926 1 -0.433804625523 1
63 inf 1 -0.433804625523 1
64 -0.374613939832 1 -0.433804625523 1
65 inf 1 -0.433804625523 1
66 -0.337479966684 1 -0.433804625523 1
67 -0.358503467994 1 -0.433804625523 1
68 -0.394943480462 1 -0.433804625523 1
69 inf 1 -0.433804625523 1
70 inf 1 -0.433804625523 1
71 inf 1 -0.433804625523 1
72 -0.347856013948 1 -0.433804625523 1
73 inf 1 -0.433804625523 1
74 inf 1 -0.433804625523 1
75 inf 1 -0.433804625523 1
76 -0.359845105555 1 -0.433804625523 1
77 inf 1 -0.433804625523 1
78 inf 1 -0.433804625523 1
79 -0.391658161908 1 -0.433804625523 1
80 inf 1 -0.433804625523 1
81 -0.424171175316 1 -0.433804625523 1
82 inf 1 -0.433804625523 1
83 -0.384590978115 1 -0.433804625523 1
84 inf 1 -0.433804625523 1
85 -0.370486012154 1 -0.433804625523 1
86 inf 1 -0.433804625523 1
87 -0.39169977226 1 -0.433804625523 1
88 -0.422091150537 1 -0.433804625523 1
89 -0.438413061024 1 -0.433804625523 1
90 inf 1 -0.433804625523 1
91 -0.36760368966 1 -0.433804625523 1
92 inf 1 -0.433804625523 1
93 inf 1 -0.433804625523 1
94 inf 1 -0.433804625523 1
95 -0.40039053994 1 -0.433804625523 1
96 -0.375920631817 1 -0.433804625523 1
97 -0.396707094885 1 -0.433804625523 1
98 inf 1 -0.433804625523 1
99 -0.392704552421 1 -0.433804625523 1
100 -0.365545004696 1 -0.433804625523 1
