Generation avgFitness avgFeatures minFitness minFeatures (of bestsolution)
1 inf 2 -0.430462573061 1
2 -0.321181786067 1 -0.430462573061 1
3 -0.330533723623 1 -0.430462573061 1
4 inf 1 -0.430462573061 1
5 -0.406789224805 1 -0.430462573061 1
6 inf 1 -0.430462573061 1
7 inf 1 -0.430462573061 1
8 inf 1 -0.430462573061 1
9 -0.427914215512 1 -0.430462573061 1
10 -0.428037797734 1 -0.430462573061 1
11 -0.422346438051 1 -0.430462573061 1
12 -0.391427523308 1 -0.430462573061 1
13 -0.407117094785 1 -0.430462573061 1
14 inf 1 -0.430462573061 1
15 -0.343596228309 1 -0.430462573061 1
16 inf 1 -0.430462573061 1
17 -0.427763354463 1 -0.430462573061 1
18 inf 1 -0.430462573061 1
19 -0.361119406166 1 -0.430462573061 1
20 -0.354819961649 1 -0.430462573061 1
21 inf 1 -0.430462573061 1
22 inf 1 -0.430462573061 1
23 inf 1 -0.430462573061 1
24 -0.397976864075 1 -0.430462573061 1
25 -0.407134452145 1 -0.430462573061 1
26 inf 1 -0.430462573061 1
27 -0.427040749888 1 -0.430462573061 1
28 -0.369133454389 1 -0.430462573061 1
29 -0.391387137596 1 -0.430462573061 1
30 inf 1 -0.430462573061 1
31 inf 1 -0.430462573061 1
32 inf 1 -0.430462573061 1
33 -0.365795455904 1 -0.430462573061 1
34 -0.3991541534 1 -0.430462573061 1
35 inf 1 -0.430462573061 1
36 -0.338634517657 1 -0.430462573061 1
37 -0.369367515641 1 -0.430462573061 1
38 -0.428458514558 1 -0.430462573061 1
39 inf 1 -0.430462573061 1
40 inf 1 -0.430462573061 1
41 -0.431483982603 1 -0.430462573061 1
42 -0.415331339329 1 -0.430462573061 1
43 -0.416057058191 1 -0.430462573061 1
44 -0.41098141546 1 -0.430462573061 1
45 inf 1 -0.430462573061 1
46 -0.403431709709 1 -0.430462573061 1
47 -0.410985995759 1 -0.430462573061 1
48 -0.415358694629 1 -0.430462573061 1
49 inf 1 -0.430462573061 1
50 inf 1 -0.430462573061 1
51 inf 1 -0.430462573061 1
52 inf 1 -0.430462573061 1
53 inf 1 -0.430462573061 1
54 inf 1 -0.430462573061 1
55 -0.401539343722 1 -0.430462573061 1
56 inf 1 -0.430462573061 1
57 -0.384701307621 1 -0.430462573061 1
58 inf 1 -0.430462573061 1
59 inf 1 -0.430462573061 1
60 inf 1 -0.430462573061 1
61 inf 1 -0.430462573061 1
62 -0.385076707712 1 -0.430462573061 1
63 -0.363805977331 1 -0.430462573061 1
64 inf 1 -0.430462573061 1
65 inf 1 -0.430462573061 1
66 inf 1 -0.430462573061 1
67 inf 1 -0.430462573061 1
68 -0.396019911934 1 -0.430462573061 1
69 inf 1 -0.430462573061 1
70 inf 1 -0.430462573061 1
71 inf 1 -0.430462573061 1
72 -0.419536746742 1 -0.430462573061 1
73 inf 1 -0.430462573061 1
74 inf 1 -0.430462573061 1
75 inf 1 -0.430462573061 1
76 -0.364307216125 1 -0.430462573061 1
77 -0.372680410589 1 -0.430462573061 1
78 inf 1 -0.430462573061 1
79 -0.400763455399 1 -0.430462573061 1
80 -0.362818612347 1 -0.430462573061 1
81 -0.394127033313 1 -0.430462573061 1
82 -0.378020738428 1 -0.430462573061 1
83 inf 1 -0.430462573061 1
84 inf 1 -0.430462573061 1
85 inf 1 -0.430462573061 1
86 -0.398027725104 1 -0.430462573061 1
87 inf 1 -0.430462573061 1
88 inf 1 -0.430462573061 1
89 -0.421126487315 1 -0.430462573061 1
90 -0.378367591912 1 -0.430462573061 1
91 inf 1 -0.430462573061 1
92 -0.408532709978 1 -0.430462573061 1
93 -0.41027790514 1 -0.430462573061 1
94 inf 1 -0.430462573061 1
95 inf 1 -0.430462573061 1
96 -0.376109290506 1 -0.430462573061 1
97 inf 1 -0.430462573061 1
98 inf 1 -0.430462573061 1
99 inf 1 -0.430462573061 1
100 -0.411536962774 1 -0.430462573061 1
