Generation avgFitness avgFeatures minFitness minFeatures (of bestsolution)
1 0.0202520184306 2 -0.430462573061 1
2 -0.255658506283 2 -0.430462573061 1
3 inf 2 -0.430462573061 1
4 -0.326955300566 2 -0.430462573061 1
5 -0.359874614409 1 -0.430462573061 1
6 inf 1 -0.430462573061 1
7 inf 1 -0.430462573061 1
8 inf 1 -0.433804625523 1
9 inf 1 -0.433804625523 1
10 inf 1 -0.433804625523 1
11 -0.401177458453 1 -0.433804625523 1
12 inf 1 -0.433804625523 1
13 inf 1 -0.433804625523 1
14 -0.416614117397 1 -0.433804625523 1
15 -0.396624073412 1 -0.433804625523 1
16 inf 1 -0.433804625523 1
17 -0.399682563457 1 -0.433804625523 1
18 inf 1 -0.433804625523 1
19 inf 1 -0.433804625523 1
20 inf 1 -0.433804625523 1
21 inf 1 -0.433804625523 1
22 -0.371652684922 1 -0.433804625523 1
23 inf 1 -0.433804625523 1
24 inf 1 -0.433804625523 1
25 inf 1 -0.433804625523 1
26 inf 1 -0.433804625523 1
27 inf 1 -0.433804625523 1
28 inf 1 -0.433804625523 1
29 inf 1 -0.433804625523 1
30 inf 1 -0.433804625523 1
31 inf 1 -0.433804625523 1
32 inf 1 -0.433804625523 1
33 -0.380067856333 1 -0.433804625523 1
34 inf 1 -0.433804625523 1
35 -0.385504738059 1 -0.433804625523 1
36 inf 1 -0.433804625523 1
37 inf 1 -0.433804625523 1
38 -0.416892039187 1 -0.433804625523 1
39 -0.402536601191 1 -0.433804625523 1
40 -0.416476114476 1 -0.433804625523 1
41 inf 1 -0.433804625523 1
42 -0.371491484117 1 -0.433804625523 1
43 -0.382634380347 1 -0.433804625523 1
44 -0.407225321619 1 -0.433804625523 1
45 -0.408193652369 1 -0.433804625523 1
46 inf 1 -0.433804625523 1
47 inf 1 -0.433804625523 1
48 -0.396230921577 1 -0.433804625523 1
49 -0.390313502228 1 -0.433804625523 1
50 -0.410489772154 1 -0.433804625523 1
51 inf 1 -0.433804625523 1
52 -0.401830696831 1 -0.433804625523 1
53 inf 1 -0.433804625523 1
54 -0.404880575733 1 -0.433804625523 1
55 inf 1 -0.433804625523 1
56 inf 1 -0.433804625523 1
57 inf 1 -0.433804625523 1
58 inf 1 -0.433804625523 1
59 inf 1 -0.433804625523 1
60 -0.405754521123 1 -0.433804625523 1
61 inf 1 -0.433804625523 1
62 inf 1 -0.433804625523 1
63 -0.340128113074 1 -0.433804625523 1
64 -0.280871730406 1 -0.433804625523 1
65 inf 1 -0.433804625523 1
66 inf 1 -0.433804625523 1
67 inf 1 -0.433804625523 1
68 inf 1 -0.433804625523 1
69 inf 1 -0.433804625523 1
70 -0.353722584917 1 -0.433804625523 1
71 inf 1 -0.433804625523 1
72 inf 1 -0.433804625523 1
73 -0.383209671439 1 -0.433804625523 1
74 -0.411883244724 1 -0.433804625523 1
75 inf 1 -0.433804625523 1
76 -0.361352013527 1 -0.433804625523 1
77 inf 1 -0.433804625523 1
78 inf 1 -0.433804625523 1
79 inf 1 -0.433804625523 1
80 -0.349685042778 1 -0.433804625523 1
81 -0.402997504229 1 -0.433804625523 1
82 -0.40403938333 1 -0.433804625523 1
83 inf 1 -0.433804625523 1
84 -0.376080104717 1 -0.433804625523 1
85 inf 1 -0.433804625523 1
86 inf 1 -0.433804625523 1
87 inf 1 -0.433804625523 1
88 inf 1 -0.433804625523 1
89 inf 1 -0.433804625523 1
90 inf 1 -0.433804625523 1
91 inf 1 -0.433804625523 1
92 -0.412869815694 1 -0.433804625523 1
93 -0.402889910008 1 -0.433804625523 1
94 inf 1 -0.433804625523 1
95 -0.436432275599 1 -0.433804625523 1
96 inf 1 -0.433804625523 1
97 -0.339062568661 1 -0.433804625523 1
98 inf 1 -0.433804625523 1
99 inf 1 -0.433804625523 1
100 inf 1 -0.433804625523 1
