Generation avgFitness avgFeatures minFitness minFeatures (of bestsolution)
1 1.11092720194 4 -0.2642957925 2
2 0.344520583591 3 -0.325727261144 1
3 inf 2 -0.38002425958 2
4 inf 1 -0.400588683086 1
5 -0.305096243164 1 -0.40656354774 2
6 -0.306533803923 2 -0.40656354774 2
7 inf 2 -0.425878624047 2
8 -0.246284664861 2 -0.425878624047 2
9 -0.318555473252 2 -0.430462573061 1
10 -0.381763230937 2 -0.433804625523 1
11 -0.293666991238 1 -0.433804625523 1
12 inf 1 -0.433804625523 1
13 inf 1 -0.433804625523 1
14 inf 1 -0.433804625523 1
15 -0.375876236258 1 -0.433804625523 1
16 inf 1 -0.433804625523 1
17 -0.376575349954 1 -0.433804625523 1
18 inf 1 -0.433804625523 1
19 -0.360337115814 1 -0.433804625523 1
20 -0.39231703354 1 -0.433804625523 1
21 inf 1 -0.433804625523 1
22 -0.407695510123 1 -0.433804625523 1
23 inf 1 -0.433804625523 1
24 -0.312013863082 1 -0.433804625523 1
25 inf 1 -0.433804625523 1
26 -0.350764895524 1 -0.433804625523 1
27 -0.403654994324 1 -0.433804625523 1
28 inf 1 -0.433804625523 1
29 inf 1 -0.433804625523 1
30 -0.34784991033 1 -0.433804625523 1
31 inf 1 -0.433804625523 1
32 inf 1 -0.433804625523 1
33 -0.369853245085 1 -0.433804625523 1
34 inf 1 -0.433804625523 1
35 -0.389269629941 1 -0.433804625523 1
36 -0.391164405876 1 -0.433804625523 1
37 -0.422829005014 1 -0.433804625523 1
38 inf 1 -0.433804625523 1
39 -0.420428538916 1 -0.433804625523 1
40 inf 1 -0.433804625523 1
41 -0.394059794614 1 -0.433804625523 1
42 inf 1 -0.433804625523 1
43 -0.389022862779 1 -0.433804625523 1
44 inf 1 -0.433804625523 1
45 -0.391584875441 1 -0.433804625523 1
46 inf 1 -0.433804625523 1
47 -0.397675599349 1 -0.433804625523 1
48 inf 1 -0.433804625523 1
49 -0.379293942581 1 -0.433804625523 1
50 inf 1 -0.433804625523 1
51 inf 1 -0.433804625523 1
52 -0.406731713194 1 -0.433804625523 1
53 inf 1 -0.433804625523 1
54 -0.375294560539 1 -0.433804625523 1
55 -0.347940699256 1 -0.433804625523 1
56 inf 1 -0.433804625523 1
57 inf 1 -0.433804625523 1
58 inf 1 -0.433804625523 1
59 -0.380702177795 1 -0.433804625523 1
60 inf 1 -0.433804625523 1
61 -0.379782284611 1 -0.433804625523 1
62 -0.372534699009 1 -0.433804625523 1
63 -0.38931120821 1 -0.433804625523 1
64 inf 1 -0.433804625523 1
65 inf 1 -0.433804625523 1
66 inf 1 -0.433804625523 1
67 inf 1 -0.433804625523 1
68 inf 1 -0.433804625523 1
69 -0.369971752245 1 -0.433804625523 1
70 inf 1 -0.433804625523 1
71 inf 1 -0.433804625523 1
72 -0.426106512428 1 -0.433804625523 1
73 inf 1 -0.433804625523 1
74 inf 1 -0.433804625523 1
75 inf 1 -0.433804625523 1
76 inf 1 -0.433804625523 1
77 inf 1 -0.433804625523 1
78 inf 1 -0.433804625523 1
79 inf 1 -0.433804625523 1
80 inf 1 -0.433804625523 1
81 -0.41656256561 1 -0.433804625523 1
82 -0.416443746226 1 -0.433804625523 1
83 -0.412003304013 1 -0.433804625523 1
84 inf 1 -0.433804625523 1
85 inf 1 -0.433804625523 1
86 inf 1 -0.433804625523 1
87 inf 1 -0.433804625523 1
88 inf 1 -0.433804625523 1
89 -0.37111239205 1 -0.433804625523 1
90 -0.335377468072 1 -0.433804625523 1
91 -0.363806120967 1 -0.433804625523 1
92 inf 1 -0.433804625523 1
93 -0.398797476809 1 -0.433804625523 1
94 -0.414142381579 1 -0.433804625523 1
95 -0.365195352302 1 -0.433804625523 1
96 inf 1 -0.433804625523 1
97 inf 1 -0.433804625523 1
98 -0.383095528518 1 -0.433804625523 1
99 inf 1 -0.433804625523 1
100 -0.38315957329 1 -0.433804625523 1
