Generation avgFitness avgFeatures minFitness minFeatures (of bestsolution)
1 0.281840716189 3 -0.430462573061 1
2 -0.109999383252 2 -0.430462573061 1
3 -0.327621865124 1 -0.430462573061 1
4 -0.398396768931 1 -0.430462573061 1
5 inf 1 -0.430462573061 1
6 inf 1 -0.430462573061 1
7 inf 1 -0.430462573061 1
8 -0.354647545111 1 -0.430462573061 1
9 -0.381791439923 1 -0.430462573061 1
10 inf 1 -0.430462573061 1
11 inf 1 -0.430462573061 1
12 inf 1 -0.430462573061 1
13 inf 1 -0.430462573061 1
14 -0.346551304554 1 -0.430462573061 1
15 inf 1 -0.430462573061 1
16 -0.384551367864 1 -0.430462573061 1
17 inf 1 -0.430462573061 1
18 -0.388016924345 1 -0.430462573061 1
19 -0.415873358231 1 -0.430462573061 1
20 -0.388266565659 1 -0.430462573061 1
21 inf 1 -0.430462573061 1
22 inf 1 -0.430462573061 1
23 inf 1 -0.430462573061 1
24 inf 1 -0.430462573061 1
25 inf 1 -0.430462573061 1
26 inf 1 -0.430462573061 1
27 inf 1 -0.430462573061 1
28 inf 1 -0.430462573061 1
29 -0.40896237131 1 -0.433804625523 1
30 inf 1 -0.433804625523 1
31 inf 1 -0.433804625523 1
32 -0.393196226593 1 -0.433804625523 1
33 inf 1 -0.433804625523 1
34 -0.384178575948 1 -0.433804625523 1
35 inf 1 -0.433804625523 1
36 -0.381758206355 1 -0.433804625523 1
37 inf 1 -0.433804625523 1
38 -0.41733515332 1 -0.433804625523 1
39 inf 1 -0.433804625523 1
40 inf 1 -0.433804625523 1
41 -0.405154364404 1 -0.433804625523 1
42 -0.417776779325 1 -0.433804625523 1
43 -0.418224458241 1 -0.433804625523 1
44 -0.357964701389 1 -0.433804625523 1
45 inf 1 -0.433804625523 1
46 inf 1 -0.433804625523 1
47 -0.383137968189 1 -0.433804625523 1
48 -0.410921243285 1 -0.433804625523 1
49 -0.411828837254 1 -0.433804625523 1
50 inf 1 -0.433804625523 1
51 inf 1 -0.433804625523 1
52 -0.411955772033 1 -0.433804625523 1
53 -0.384163388813 1 -0.433804625523 1
54 inf 1 -0.433804625523 1
55 inf 1 -0.433804625523 1
56 inf 1 -0.433804625523 1
57 inf 1 -0.433804625523 1
58 inf 1 -0.433804625523 1
59 inf 1 -0.433804625523 1
60 inf 1 -0.433804625523 1
61 inf 1 -0.433804625523 1
62 -0.416775316259 1 -0.433804625523 1
63 -0.410214455738 1 -0.433804625523 1
64 inf 1 -0.433804625523 1
65 -0.389812474536 1 -0.433804625523 1
66 inf 1 -0.433804625523 1
67 inf 1 -0.433804625523 1
68 inf 1 -0.433804625523 1
69 -0.395526312593 1 -0.433804625523 1
70 -0.393571008198 1 -0.433804625523 1
71 -0.417890056374 1 -0.433804625523 1
72 inf 1 -0.433804625523 1
73 inf 1 -0.433804625523 1
74 -0.397995919081 1 -0.433804625523 1
75 inf 1 -0.433804625523 1
76 -0.373466486969 1 -0.433804625523 1
77 inf 1 -0.433804625523 1
78 -0.358520521275 1 -0.433804625523 1
79 -0.415538137366 1 -0.433804625523 1
80 -0.402545716483 1 -0.433804625523 1
81 inf 1 -0.433804625523 1
82 -0.380929791969 1 -0.433804625523 1
83 inf 1 -0.433804625523 1
84 -0.409599278941 1 -0.433804625523 1
85 inf 1 -0.433804625523 1
86 inf 1 -0.433804625523 1
87 -0.399581109846 1 -0.433804625523 1
88 -0.387237335417 1 -0.433804625523 1
89 -0.401288496747 1 -0.433804625523 1
90 inf 1 -0.433804625523 1
91 -0.395601674533 1 -0.433804625523 1
92 inf 1 -0.433804625523 1
93 -0.39035996009 1 -0.433804625523 1
94 -0.422997942593 1 -0.433804625523 1
95 inf 1 -0.433804625523 1
96 -0.393925316017 1 -0.433804625523 1
97 -0.424295408615 1 -0.433804625523 1
98 -0.39808596984 1 -0.433804625523 1
99 inf 1 -0.433804625523 1
100 inf 1 -0.433804625523 1
