Generation avgFitness avgFeatures minFitness minFeatures (of bestsolution)
1 0.0808445972917 3 -0.425878624047 2
2 -0.0636983257117 2 -0.425878624047 2
3 -0.15130172049 2 -0.425878624047 2
4 -0.196952505344 2 -0.425878624047 2
5 -0.274320571631 2 -0.425878624047 2
6 -0.150247217161 2 -0.425878624047 2
7 -0.256571906244 2 -0.430462573061 1
8 -0.299787521183 2 -0.430462573061 1
9 -0.31818221169 1 -0.430462573061 1
10 inf 1 -0.430462573061 1
11 inf 1 -0.430462573061 1
12 inf 1 -0.430462573061 1
13 -0.384962292181 1 -0.430462573061 1
14 inf 1 -0.430462573061 1
15 -0.353951312196 1 -0.430462573061 1
16 -0.396757866146 1 -0.430462573061 1
17 inf 1 -0.430462573061 1
18 -0.349221401389 1 -0.430462573061 1
19 inf 1 -0.430462573061 1
20 -0.433738504718 1 -0.430462573061 1
21 -0.402882112549 1 -0.430462573061 1
22 inf 1 -0.430462573061 1
23 -0.383110056802 1 -0.430462573061 1
24 -0.389485591752 1 -0.430462573061 1
25 -0.38718106749 1 -0.430462573061 1
26 -0.341633315532 1 -0.430462573061 1
27 -0.419030621718 1 -0.430462573061 1
28 -0.420042037262 1 -0.430462573061 1
29 -0.396632486911 1 -0.430462573061 1
30 -0.420987328722 1 -0.430462573061 1
31 inf 1 -0.430462573061 1
32 -0.394686133692 1 -0.430462573061 1
33 -0.389344585602 1 -0.430462573061 1
34 inf 1 -0.430462573061 1
35 -0.401792358775 1 -0.430462573061 1
36 -0.392794304477 1 -0.430462573061 1
37 -0.335838194134 1 -0.430462573061 1
38 inf 1 -0.430462573061 1
39 -0.402369375908 1 -0.430462573061 1
40 -0.389423946228 1 -0.430462573061 1
41 -0.37366784213 1 -0.430462573061 1
42 inf 1 -0.430462573061 1
43 inf 1 -0.430462573061 1
44 -0.366726239662 1 -0.430462573061 1
45 -0.37831422497 1 -0.430462573061 1
46 -0.385812073491 1 -0.430462573061 1
47 -0.326544608704 1 -0.430462573061 1
48 inf 1 -0.430462573061 1
49 -0.392973433941 1 -0.430462573061 1
50 -0.419593573654 1 -0.430462573061 1
51 -0.428426510578 1 -0.430462573061 1
52 -0.427008670804 1 -0.430462573061 1
53 inf 1 -0.430462573061 1
54 inf 1 -0.430462573061 1
55 -0.426169491945 1 -0.430462573061 1
56 -0.391941454549 1 -0.430462573061 1
57 -0.399662273391 1 -0.430462573061 1
58 inf 1 -0.430462573061 1
59 -0.405242458078 1 -0.430462573061 1
60 inf 1 -0.430462573061 1
61 inf 1 -0.430462573061 1
62 inf 1 -0.430462573061 1
63 inf 1 -0.430462573061 1
64 -0.367456012066 1 -0.430462573061 1
65 -0.407090776993 1 -0.430462573061 1
66 -0.42173727536 1 -0.430462573061 1
67 inf 1 -0.430462573061 1
68 -0.38803933438 1 -0.433804625523 1
69 inf 1 -0.433804625523 1
70 -0.357083116876 1 -0.433804625523 1
71 inf 1 -0.433804625523 1
72 -0.423746404416 1 -0.433804625523 1
73 inf 1 -0.433804625523 1
74 -0.412551109789 1 -0.433804625523 1
75 -0.401255058797 1 -0.433804625523 1
76 -0.410672478357 1 -0.433804625523 1
77 -0.424364547243 1 -0.433804625523 1
78 inf 1 -0.433804625523 1
79 inf 1 -0.433804625523 1
80 -0.34260592 1 -0.433804625523 1
81 inf 1 -0.433804625523 1
82 -0.421903188405 1 -0.433804625523 1
83 -0.425437419476 1 -0.433804625523 1
84 -0.403946289522 1 -0.433804625523 1
85 inf 1 -0.433804625523 1
86 -0.373250525149 1 -0.433804625523 1
87 -0.386497939906 1 -0.433804625523 1
88 -0.401524423516 1 -0.433804625523 1
89 inf 1 -0.433804625523 1
90 inf 1 -0.433804625523 1
91 inf 1 -0.433804625523 1
92 -0.358639272966 1 -0.433804625523 1
93 inf 1 -0.433804625523 1
94 inf 1 -0.433804625523 1
95 inf 1 -0.433804625523 1
96 -0.431972893391 1 -0.433804625523 1
97 -0.395002004009 1 -0.433804625523 1
98 -0.419382765507 1 -0.433804625523 1
99 -0.430169409359 1 -0.433804625523 1
100 inf 1 -0.433804625523 1
