Generation avgFitness avgFeatures minFitness minFeatures (of bestsolution)
1 0.111009152888 2 -0.430462573061 1
2 -0.299462473519 1 -0.430462573061 1
3 -0.359292486458 1 -0.430462573061 1
4 inf 1 -0.430462573061 1
5 inf 1 -0.430462573061 1
6 inf 1 -0.430462573061 1
7 inf 1 -0.430462573061 1
8 inf 1 -0.430462573061 1
9 -0.43096211256 1 -0.430462573061 1
10 inf 1 -0.430462573061 1
11 inf 1 -0.430462573061 1
12 -0.326247936174 1 -0.430462573061 1
13 -0.379292119355 1 -0.430462573061 1
14 -0.409086235685 1 -0.430462573061 1
15 -0.40589397844 1 -0.430462573061 1
16 -0.406206046138 1 -0.430462573061 1
17 -0.415392299464 1 -0.430462573061 1
18 inf 1 -0.430462573061 1
19 inf 1 -0.430462573061 1
20 -0.390371029937 1 -0.430462573061 1
21 inf 1 -0.430462573061 1
22 -0.400482417747 1 -0.430462573061 1
23 inf 1 -0.430462573061 1
24 inf 1 -0.430462573061 1
25 inf 1 -0.430462573061 1
26 inf 1 -0.430462573061 1
27 -0.409337798228 1 -0.430462573061 1
28 inf 1 -0.430462573061 1
29 -0.388961796145 1 -0.430462573061 1
30 inf 1 -0.430462573061 1
31 -0.423680433621 1 -0.430462573061 1
32 -0.384282435293 1 -0.430462573061 1
33 inf 1 -0.430462573061 1
34 -0.414780853198 1 -0.430462573061 1
35 -0.427276416062 1 -0.430462573061 1
36 inf 1 -0.430462573061 1
37 -0.400174474194 1 -0.430462573061 1
38 inf 1 -0.430462573061 1
39 inf 1 -0.430462573061 1
40 inf 1 -0.430462573061 1
41 inf 1 -0.430462573061 1
42 inf 1 -0.430462573061 1
43 inf 1 -0.430462573061 1
44 -0.335554983986 1 -0.430462573061 1
45 inf 1 -0.430462573061 1
46 inf 1 -0.430462573061 1
47 inf 1 -0.430462573061 1
48 inf 1 -0.430462573061 1
49 inf 1 -0.430462573061 1
50 inf 1 -0.430462573061 1
51 -0.315823300781 1 -0.430462573061 1
52 -0.368031812 1 -0.430462573061 1
53 -0.370821071505 1 -0.430462573061 1
54 -0.404876952529 1 -0.430462573061 1
55 inf 1 -0.430462573061 1
56 -0.391204657459 1 -0.430462573061 1
57 inf 1 -0.430462573061 1
58 inf 1 -0.430462573061 1
59 inf 1 -0.430462573061 1
60 inf 1 -0.430462573061 1
61 inf 1 -0.430462573061 1
62 -0.423487485216 1 -0.430462573061 1
63 inf 1 -0.430462573061 1
64 -0.382585173757 1 -0.430462573061 1
65 inf 1 -0.430462573061 1
66 -0.396661214704 1 -0.430462573061 1
67 inf 1 -0.430462573061 1
68 inf 1 -0.430462573061 1
69 inf 1 -0.430462573061 1
70 inf 1 -0.430462573061 1
71 -0.338338572545 1 -0.430462573061 1
72 -0.416016778034 1 -0.430462573061 1
73 -0.428072695134 1 -0.430462573061 1
74 inf 1 -0.430462573061 1
75 -0.417323514801 1 -0.430462573061 1
76 -0.386572806899 1 -0.430462573061 1
77 -0.40216461787 1 -0.430462573061 1
78 inf 1 -0.430462573061 1
79 inf 1 -0.433804625523 1
80 inf 1 -0.433804625523 1
81 inf 1 -0.433804625523 1
82 inf 1 -0.433804625523 1
83 -0.412400204015 1 -0.433804625523 1
84 -0.396156811807 1 -0.433804625523 1
85 -0.38886178858 1 -0.433804625523 1
86 inf 1 -0.433804625523 1
87 -0.394250974625 1 -0.433804625523 1
88 inf 1 -0.433804625523 1
89 -0.316926083972 1 -0.433804625523 1
90 -0.420918053546 1 -0.433804625523 1
91 -0.36682089641 1 -0.433804625523 1
92 -0.431677110498 1 -0.433804625523 1
93 inf 1 -0.433804625523 1
94 -0.346246775757 1 -0.433804625523 1
95 inf 1 -0.433804625523 1
96 -0.42720475884 1 -0.433804625523 1
97 -0.370075834311 1 -0.433804625523 1
98 -0.409326966963 1 -0.433804625523 1
99 -0.379446805826 1 -0.433804625523 1
100 inf 1 -0.433804625523 1
