Generation avgFitness avgFeatures minFitness minFeatures (of bestsolution)
1 0.0367764622472 3 -0.40656354774 2
2 inf 2 -0.40656354774 2
3 -0.283774439479 2 -0.40656354774 2
4 -0.386027784515 1 -0.433804625523 1
5 -0.297456447253 2 -0.433804625523 1
6 -0.368143490747 1 -0.433804625523 1
7 inf 1 -0.433804625523 1
8 -0.346938466513 1 -0.433804625523 1
9 -0.405386554175 1 -0.433804625523 1
10 -0.394499290209 1 -0.433804625523 1
11 -0.352800951442 1 -0.433804625523 1
12 inf 1 -0.433804625523 1
13 inf 1 -0.433804625523 1
14 inf 1 -0.433804625523 1
15 inf 1 -0.433804625523 1
16 -0.401087070774 1 -0.433804625523 1
17 inf 1 -0.433804625523 1
18 inf 1 -0.433804625523 1
19 inf 1 -0.433804625523 1
20 inf 1 -0.433804625523 1
21 inf 1 -0.433804625523 1
22 inf 1 -0.433804625523 1
23 inf 1 -0.433804625523 1
24 inf 1 -0.433804625523 1
25 inf 1 -0.433804625523 1
26 inf 1 -0.433804625523 1
27 inf 1 -0.433804625523 1
28 -0.416775316259 1 -0.433804625523 1
29 inf 1 -0.433804625523 1
30 inf 1 -0.433804625523 1
31 inf 1 -0.433804625523 1
32 -0.41447556924 1 -0.433804625523 1
33 -0.430569901892 1 -0.433804625523 1
34 inf 1 -0.433804625523 1
35 -0.416162618629 1 -0.433804625523 1
36 inf 1 -0.433804625523 1
37 -0.387448512131 1 -0.433804625523 1
38 -0.362192158005 1 -0.433804625523 1
39 inf 1 -0.433804625523 1
40 inf 1 -0.433804625523 1
41 -0.390372044056 1 -0.433804625523 1
42 -0.349094657818 1 -0.433804625523 1
43 inf 1 -0.433804625523 1
44 -0.381248516527 1 -0.433804625523 1
45 -0.373550595659 1 -0.433804625523 1
46 -0.352626282362 1 -0.433804625523 1
47 inf 1 -0.433804625523 1
48 inf 1 -0.433804625523 1
49 -0.338426244375 1 -0.433804625523 1
50 inf 1 -0.433804625523 1
51 -0.369691135981 1 -0.433804625523 1
52 inf 1 -0.433804625523 1
53 -0.411388396884 1 -0.433804625523 1
54 inf 1 -0.433804625523 1
55 -0.377541325308 1 -0.433804625523 1
56 -0.344127372132 1 -0.433804625523 1
57 -0.418743657002 1 -0.433804625523 1
58 inf 1 -0.433804625523 1
59 inf 1 -0.433804625523 1
60 inf 1 -0.433804625523 1
61 -0.388939967021 1 -0.433804625523 1
62 inf 1 -0.433804625523 1
63 inf 1 -0.433804625523 1
64 inf 1 -0.433804625523 1
65 inf 1 -0.433804625523 1
66 -0.412762415594 1 -0.433804625523 1
67 -0.385136299966 1 -0.433804625523 1
68 -0.380698953139 1 -0.433804625523 1
69 inf 1 -0.433804625523 1
70 -0.353281264331 1 -0.433804625523 1
71 -0.389569177675 1 -0.433804625523 1
72 -0.349875051592 1 -0.433804625523 1
73 inf 1 -0.433804625523 1
74 -0.379413376346 1 -0.433804625523 1
75 -0.365655514306 1 -0.433804625523 1
76 -0.355109224031 1 -0.433804625523 1
77 -0.407105224163 1 -0.433804625523 1
78 -0.425225381889 1 -0.433804625523 1
79 inf 1 -0.433804625523 1
80 inf 1 -0.433804625523 1
81 inf 1 -0.433804625523 1
82 -0.406309353791 1 -0.433804625523 1
83 inf 1 -0.433804625523 1
84 inf 1 -0.433804625523 1
85 inf 1 -0.433804625523 1
86 inf 1 -0.433804625523 1
87 inf 1 -0.433804625523 1
88 inf 1 -0.433804625523 1
89 inf 1 -0.433804625523 1
90 inf 1 -0.433804625523 1
91 inf 1 -0.433804625523 1
92 -0.368612515351 1 -0.433804625523 1
93 inf 1 -0.433804625523 1
94 inf 1 -0.433804625523 1
95 -0.431646454988 1 -0.433804625523 1
96 inf 1 -0.433804625523 1
97 inf 1 -0.433804625523 1
98 -0.342653483285 1 -0.433804625523 1
99 -0.409740939831 1 -0.433804625523 1
100 inf 1 -0.433804625523 1
