Generation avgFitness avgFeatures minFitness minFeatures (of bestsolution)
1 0.59201958387 3 -0.430462573061 1
2 inf 2 -0.430462573061 1
3 inf 1 -0.430462573061 1
4 inf 1 -0.430462573061 1
5 -0.4038359164 1 -0.430462573061 1
6 inf 1 -0.430462573061 1
7 inf 1 -0.430462573061 1
8 -0.42318002724 1 -0.430462573061 1
9 inf 1 -0.430462573061 1
10 inf 1 -0.430462573061 1
11 -0.403810590141 1 -0.430462573061 1
12 inf 1 -0.430462573061 1
13 -0.412770460796 1 -0.430462573061 1
14 -0.353910007308 1 -0.430462573061 1
15 inf 1 -0.430462573061 1
16 -0.406070648854 1 -0.430462573061 1
17 -0.411341241944 1 -0.430462573061 1
18 -0.426076209213 1 -0.433804625523 1
19 inf 1 -0.433804625523 1
20 inf 1 -0.433804625523 1
21 inf 1 -0.433804625523 1
22 inf 1 -0.433804625523 1
23 inf 1 -0.433804625523 1
24 inf 1 -0.433804625523 1
25 inf 1 -0.433804625523 1
26 -0.338972860071 1 -0.433804625523 1
27 inf 1 -0.433804625523 1
28 -0.424683239563 1 -0.433804625523 1
29 inf 1 -0.433804625523 1
30 inf 1 -0.433804625523 1
31 -0.400637528588 1 -0.433804625523 1
32 -0.43932639517 1 -0.433804625523 1
33 inf 1 -0.433804625523 1
34 inf 1 -0.433804625523 1
35 inf 1 -0.433804625523 1
36 -0.405765613506 1 -0.433804625523 1
37 inf 1 -0.433804625523 1
38 inf 1 -0.433804625523 1
39 inf 1 -0.433804625523 1
40 -0.420082848047 1 -0.433804625523 1
41 -0.407451016155 1 -0.433804625523 1
42 -0.40253869063 1 -0.433804625523 1
43 -0.378523459713 1 -0.433804625523 1
44 inf 1 -0.433804625523 1
45 -0.414475405482 1 -0.433804625523 1
46 -0.406385057539 1 -0.433804625523 1
47 -0.372166365375 1 -0.433804625523 1
48 inf 1 -0.433804625523 1
49 -0.437416329039 1 -0.433804625523 1
50 -0.427120733179 1 -0.433804625523 1
51 -0.420837093561 1 -0.433804625523 1
52 inf 1 -0.433804625523 1
53 -0.411187013451 1 -0.433804625523 1
54 inf 1 -0.433804625523 1
55 inf 1 -0.433804625523 1
56 inf 1 -0.433804625523 1
57 inf 1 -0.433804625523 1
58 inf 1 -0.433804625523 1
59 inf 1 -0.433804625523 1
60 inf 1 -0.433804625523 1
61 inf 1 -0.433804625523 1
62 -0.408697396842 1 -0.433804625523 1
63 inf 1 -0.433804625523 1
64 -0.374065447945 1 -0.433804625523 1
65 -0.429093853626 1 -0.433804625523 1
66 inf 1 -0.433804625523 1
67 inf 1 -0.433804625523 1
68 -0.412298333269 1 -0.433804625523 1
69 -0.429676397375 1 -0.433804625523 1
70 -0.412638090166 1 -0.433804625523 1
71 inf 1 -0.433804625523 1
72 -0.424630210026 1 -0.433804625523 1
73 -0.438865966431 1 -0.433804625523 1
74 inf 1 -0.433804625523 1
75 inf 1 -0.433804625523 1
76 inf 1 -0.433804625523 1
77 -0.42033087531 1 -0.433804625523 1
78 inf 1 -0.433804625523 1
79 -0.407742682612 1 -0.433804625523 1
80 inf 1 -0.433804625523 1
81 inf 1 -0.433804625523 1
82 inf 1 -0.433804625523 1
83 inf 1 -0.433804625523 1
84 -0.400948272609 1 -0.433804625523 1
85 inf 1 -0.433804625523 1
86 -0.401012057902 1 -0.433804625523 1
87 inf 1 -0.433804625523 1
88 inf 1 -0.433804625523 1
89 -0.395203473922 1 -0.433804625523 1
90 inf 1 -0.433804625523 1
91 -0.384789049262 1 -0.433804625523 1
92 -0.433144741976 1 -0.433804625523 1
93 inf 1 -0.433804625523 1
94 inf 1 -0.433804625523 1
95 -0.410276327288 1 -0.433804625523 1
96 -0.400855840641 1 -0.433804625523 1
97 -0.422030999296 1 -0.433804625523 1
98 -0.413395896936 1 -0.433804625523 1
99 -0.421922330084 1 -0.433804625523 1
100 -0.398744786377 1 -0.433804625523 1
